Componentes biconexos:
[1, 2]
[2, 3]
[3, 4]
[4, 5]
[5, 6]
[6, 7]
[4, 14]
[14, 13]
[13, 12]
[12, 11]
[11, 10]
[10, 9]
[9, 8]
[8, 15]
[9, 24]
[24, 23]
[23, 22]
[22, 21]
[21, 20]
[20, 19]
[19, 18]
[18, 17]
[17, 16]
[16, 27]
[27, 26]
[26, 25]
[19, 28]
[28, 29]
[29, 30]
[30, 31]
[31, 32]
[32, 33]
[33, 34]
[34, 35]
[35, 36]
[36, 37]
[37, 38]
[33, 41]
[41, 40]
[40, 39]
[39, 46]
[46, 45]
[45, 44]
[44, 43]
[43, 42]
[42, 54]
[54, 53]
[53, 52]
[52, 51]
[51, 50]
[50, 49]
[49, 48]
[48, 47]
[47, 57]
[57, 56]
[56, 55]
[55, 60]
[60, 59]
[59, 58]
[58, 69]
[69, 68]
[68, 67]
[67, 66]
[66, 65]
[65, 64]
[64, 63]
[63, 62]
[62, 61]
[69, 73]
[73, 72]
[72, 71]
[71, 70]
[70, 81]
[81, 80]
[80, 79]
[79, 78]
[78, 77]
[77, 76]
[76, 75]
[75, 74]
[77, 85]
[85, 84]
[84, 83]
[83, 82]
[82, 91]
[91, 90]
[90, 89]
[89, 88]
[88, 87]
[87, 86]
[89, 96]
[96, 95]
[95, 94]
[94, 93]
[93, 92]
[92, 99]
[99, 98]
[98, 97]

[0, 7]
[7, 6]
[6, 5]
[5, 4]
[4, 3]
[3, 2]
[4, 14]
[14, 13]
[13, 12]
[12, 11]
[11, 10]
[10, 9]
[9, 8]
[8, 15]
[9, 24]
[24, 23]
[23, 22]
[22, 21]
[21, 20]
[20, 19]
[19, 18]
[18, 17]
[17, 16]
[16, 27]
[27, 26]
[26, 25]
[19, 28]
[28, 29]
[29, 30]
[30, 31]
[31, 32]
[32, 33]
[33, 34]
[34, 35]
[35, 36]
[36, 37]
[37, 38]
[33, 41]
[41, 40]
[40, 39]
[39, 46]
[46, 45]
[45, 44]
[44, 43]
[43, 42]
[42, 54]
[54, 53]
[53, 52]
[52, 51]
[51, 50]
[50, 49]
[49, 48]
[48, 47]
[47, 57]
[57, 56]
[56, 55]
[55, 60]
[60, 59]
[59, 58]
[58, 69]
[69, 68]
[68, 67]
[67, 66]
[66, 65]
[65, 64]
[64, 63]
[63, 62]
[62, 61]
[69, 73]
[73, 72]
[72, 71]
[71, 70]
[70, 81]
[81, 80]
[80, 79]
[79, 78]
[78, 77]
[77, 76]
[76, 75]
[75, 74]
[77, 85]
[85, 84]
[84, 83]
[83, 82]
[82, 91]
[91, 90]
[90, 89]
[89, 88]
[88, 87]
[87, 86]
[89, 96]
[96, 95]
[95, 94]
[94, 93]
[93, 92]
[92, 99]
[99, 98]
[98, 97]

[0, 1]
[0, 7]
[7, 6]
[6, 5]
[5, 4]
[4, 3]
[4, 14]
[14, 13]
[13, 12]
[12, 11]
[11, 10]
[10, 9]
[9, 8]
[8, 15]
[9, 24]
[24, 23]
[23, 22]
[22, 21]
[21, 20]
[20, 19]
[19, 18]
[18, 17]
[17, 16]
[16, 27]
[27, 26]
[26, 25]
[19, 28]
[28, 29]
[29, 30]
[30, 31]
[31, 32]
[32, 33]
[33, 34]
[34, 35]
[35, 36]
[36, 37]
[37, 38]
[33, 41]
[41, 40]
[40, 39]
[39, 46]
[46, 45]
[45, 44]
[44, 43]
[43, 42]
[42, 54]
[54, 53]
[53, 52]
[52, 51]
[51, 50]
[50, 49]
[49, 48]
[48, 47]
[47, 57]
[57, 56]
[56, 55]
[55, 60]
[60, 59]
[59, 58]
[58, 69]
[69, 68]
[68, 67]
[67, 66]
[66, 65]
[65, 64]
[64, 63]
[63, 62]
[62, 61]
[69, 73]
[73, 72]
[72, 71]
[71, 70]
[70, 81]
[81, 80]
[80, 79]
[79, 78]
[78, 77]
[77, 76]
[76, 75]
[75, 74]
[77, 85]
[85, 84]
[84, 83]
[83, 82]
[82, 91]
[91, 90]
[90, 89]
[89, 88]
[88, 87]
[87, 86]
[89, 96]
[96, 95]
[95, 94]
[94, 93]
[93, 92]
[92, 99]
[99, 98]
[98, 97]

[0, 1]
[1, 2]
[0, 7]
[7, 6]
[6, 5]
[5, 4]
[4, 14]
[14, 13]
[13, 12]
[12, 11]
[11, 10]
[10, 9]
[9, 8]
[8, 15]
[9, 24]
[24, 23]
[23, 22]
[22, 21]
[21, 20]
[20, 19]
[19, 18]
[18, 17]
[17, 16]
[16, 27]
[27, 26]
[26, 25]
[19, 28]
[28, 29]
[29, 30]
[30, 31]
[31, 32]
[32, 33]
[33, 34]
[34, 35]
[35, 36]
[36, 37]
[37, 38]
[33, 41]
[41, 40]
[40, 39]
[39, 46]
[46, 45]
[45, 44]
[44, 43]
[43, 42]
[42, 54]
[54, 53]
[53, 52]
[52, 51]
[51, 50]
[50, 49]
[49, 48]
[48, 47]
[47, 57]
[57, 56]
[56, 55]
[55, 60]
[60, 59]
[59, 58]
[58, 69]
[69, 68]
[68, 67]
[67, 66]
[66, 65]
[65, 64]
[64, 63]
[63, 62]
[62, 61]
[69, 73]
[73, 72]
[72, 71]
[71, 70]
[70, 81]
[81, 80]
[80, 79]
[79, 78]
[78, 77]
[77, 76]
[76, 75]
[75, 74]
[77, 85]
[85, 84]
[84, 83]
[83, 82]
[82, 91]
[91, 90]
[90, 89]
[89, 88]
[88, 87]
[87, 86]
[89, 96]
[96, 95]
[95, 94]
[94, 93]
[93, 92]
[92, 99]
[99, 98]
[98, 97]

[0, 1]
[1, 2]
[2, 3]
[0, 7]
[7, 6]
[6, 5]

[0, 1]
[1, 2]
[2, 3]
[3, 4]
[4, 14]
[14, 13]
[13, 12]
[12, 11]
[11, 10]
[10, 9]
[9, 8]
[8, 15]
[9, 24]
[24, 23]
[23, 22]
[22, 21]
[21, 20]
[20, 19]
[19, 18]
[18, 17]
[17, 16]
[16, 27]
[27, 26]
[26, 25]
[19, 28]
[28, 29]
[29, 30]
[30, 31]
[31, 32]
[32, 33]
[33, 34]
[34, 35]
[35, 36]
[36, 37]
[37, 38]
[33, 41]
[41, 40]
[40, 39]
[39, 46]
[46, 45]
[45, 44]
[44, 43]
[43, 42]
[42, 54]
[54, 53]
[53, 52]
[52, 51]
[51, 50]
[50, 49]
[49, 48]
[48, 47]
[47, 57]
[57, 56]
[56, 55]
[55, 60]
[60, 59]
[59, 58]
[58, 69]
[69, 68]
[68, 67]
[67, 66]
[66, 65]
[65, 64]
[64, 63]
[63, 62]
[62, 61]
[69, 73]
[73, 72]
[72, 71]
[71, 70]
[70, 81]
[81, 80]
[80, 79]
[79, 78]
[78, 77]
[77, 76]
[76, 75]
[75, 74]
[77, 85]
[85, 84]
[84, 83]
[83, 82]
[82, 91]
[91, 90]
[90, 89]
[89, 88]
[88, 87]
[87, 86]
[89, 96]
[96, 95]
[95, 94]
[94, 93]
[93, 92]
[92, 99]
[99, 98]
[98, 97]
[0, 7]
[7, 6]

[0, 1]
[1, 2]
[2, 3]
[3, 4]
[4, 5]
[4, 14]
[14, 13]
[13, 12]
[12, 11]
[11, 10]
[10, 9]
[9, 8]
[8, 15]
[9, 24]
[24, 23]
[23, 22]
[22, 21]
[21, 20]
[20, 19]
[19, 18]
[18, 17]
[17, 16]
[16, 27]
[27, 26]
[26, 25]
[19, 28]
[28, 29]
[29, 30]
[30, 31]
[31, 32]
[32, 33]
[33, 34]
[34, 35]
[35, 36]
[36, 37]
[37, 38]
[33, 41]
[41, 40]
[40, 39]
[39, 46]
[46, 45]
[45, 44]
[44, 43]
[43, 42]
[42, 54]
[54, 53]
[53, 52]
[52, 51]
[51, 50]
[50, 49]
[49, 48]
[48, 47]
[47, 57]
[57, 56]
[56, 55]
[55, 60]
[60, 59]
[59, 58]
[58, 69]
[69, 68]
[68, 67]
[67, 66]
[66, 65]
[65, 64]
[64, 63]
[63, 62]
[62, 61]
[69, 73]
[73, 72]
[72, 71]
[71, 70]
[70, 81]
[81, 80]
[80, 79]
[79, 78]
[78, 77]
[77, 76]
[76, 75]
[75, 74]
[77, 85]
[85, 84]
[84, 83]
[83, 82]
[82, 91]
[91, 90]
[90, 89]
[89, 88]
[88, 87]
[87, 86]
[89, 96]
[96, 95]
[95, 94]
[94, 93]
[93, 92]
[92, 99]
[99, 98]
[98, 97]
[0, 7]

[0, 1]
[1, 2]
[2, 3]
[3, 4]
[4, 5]
[5, 6]
[4, 14]
[14, 13]
[13, 12]
[12, 11]
[11, 10]
[10, 9]
[9, 8]
[8, 15]
[9, 24]
[24, 23]
[23, 22]
[22, 21]
[21, 20]
[20, 19]
[19, 18]
[18, 17]
[17, 16]
[16, 27]
[27, 26]
[26, 25]
[19, 28]
[28, 29]
[29, 30]
[30, 31]
[31, 32]
[32, 33]
[33, 34]
[34, 35]
[35, 36]
[36, 37]
[37, 38]
[33, 41]
[41, 40]
[40, 39]
[39, 46]
[46, 45]
[45, 44]
[44, 43]
[43, 42]
[42, 54]
[54, 53]
[53, 52]
[52, 51]
[51, 50]
[50, 49]
[49, 48]
[48, 47]
[47, 57]
[57, 56]
[56, 55]
[55, 60]
[60, 59]
[59, 58]
[58, 69]
[69, 68]
[68, 67]
[67, 66]
[66, 65]
[65, 64]
[64, 63]
[63, 62]
[62, 61]
[69, 73]
[73, 72]
[72, 71]
[71, 70]
[70, 81]
[81, 80]
[80, 79]
[79, 78]
[78, 77]
[77, 76]
[76, 75]
[75, 74]
[77, 85]
[85, 84]
[84, 83]
[83, 82]
[82, 91]
[91, 90]
[90, 89]
[89, 88]
[88, 87]
[87, 86]
[89, 96]
[96, 95]
[95, 94]
[94, 93]
[93, 92]
[92, 99]
[99, 98]
[98, 97]

[0, 1]
[1, 2]
[2, 3]
[3, 4]
[4, 5]
[5, 6]
[6, 7]
[4, 14]
[14, 13]
[13, 12]
[12, 11]
[11, 10]
[10, 9]
[9, 24]
[24, 23]
[23, 22]
[22, 21]
[21, 20]
[20, 19]
[19, 18]
[18, 17]
[17, 16]
[16, 27]
[27, 26]
[26, 25]
[19, 28]
[28, 29]
[29, 30]
[30, 31]
[31, 32]
[32, 33]
[33, 34]
[34, 35]
[35, 36]
[36, 37]
[37, 38]
[33, 41]
[41, 40]
[40, 39]
[39, 46]
[46, 45]
[45, 44]
[44, 43]
[43, 42]
[42, 54]
[54, 53]
[53, 52]
[52, 51]
[51, 50]
[50, 49]
[49, 48]
[48, 47]
[47, 57]
[57, 56]
[56, 55]
[55, 60]
[60, 59]
[59, 58]
[58, 69]
[69, 68]
[68, 67]
[67, 66]
[66, 65]
[65, 64]
[64, 63]
[63, 62]
[62, 61]
[69, 73]
[73, 72]
[72, 71]
[71, 70]
[70, 81]
[81, 80]
[80, 79]
[79, 78]
[78, 77]
[77, 76]
[76, 75]
[75, 74]
[77, 85]
[85, 84]
[84, 83]
[83, 82]
[82, 91]
[91, 90]
[90, 89]
[89, 88]
[88, 87]
[87, 86]
[89, 96]
[96, 95]
[95, 94]
[94, 93]
[93, 92]
[92, 99]
[99, 98]
[98, 97]
[14, 15]

[0, 1]
[1, 2]
[2, 3]
[3, 4]
[4, 5]
[5, 6]
[6, 7]
[4, 14]
[14, 13]
[13, 12]
[12, 11]
[11, 10]
[14, 15]
[15, 8]

[0, 1]
[1, 2]
[2, 3]
[3, 4]
[4, 5]
[5, 6]
[6, 7]
[4, 14]
[14, 13]
[13, 12]
[12, 11]
[14, 15]
[15, 8]
[8, 9]
[9, 24]
[24, 23]
[23, 22]
[22, 21]
[21, 20]
[20, 19]
[19, 18]
[18, 17]
[17, 16]
[16, 27]
[27, 26]
[26, 25]
[19, 28]
[28, 29]
[29, 30]
[30, 31]
[31, 32]
[32, 33]
[33, 34]
[34, 35]
[35, 36]
[36, 37]
[37, 38]
[33, 41]
[41, 40]
[40, 39]
[39, 46]
[46, 45]
[45, 44]
[44, 43]
[43, 42]
[42, 54]
[54, 53]
[53, 52]
[52, 51]
[51, 50]
[50, 49]
[49, 48]
[48, 47]
[47, 57]
[57, 56]
[56, 55]
[55, 60]
[60, 59]
[59, 58]
[58, 69]
[69, 68]
[68, 67]
[67, 66]
[66, 65]
[65, 64]
[64, 63]
[63, 62]
[62, 61]
[69, 73]
[73, 72]
[72, 71]
[71, 70]
[70, 81]
[81, 80]
[80, 79]
[79, 78]
[78, 77]
[77, 76]
[76, 75]
[75, 74]
[77, 85]
[85, 84]
[84, 83]
[83, 82]
[82, 91]
[91, 90]
[90, 89]
[89, 88]
[88, 87]
[87, 86]
[89, 96]
[96, 95]
[95, 94]
[94, 93]
[93, 92]
[92, 99]
[99, 98]
[98, 97]

[0, 1]
[1, 2]
[2, 3]
[3, 4]
[4, 5]
[5, 6]
[6, 7]
[4, 14]
[14, 13]
[13, 12]
[14, 15]
[15, 8]
[8, 9]
[9, 10]
[9, 24]
[24, 23]
[23, 22]
[22, 21]
[21, 20]
[20, 19]
[19, 18]
[18, 17]
[17, 16]
[16, 27]
[27, 26]
[26, 25]
[19, 28]
[28, 29]
[29, 30]
[30, 31]
[31, 32]
[32, 33]
[33, 34]
[34, 35]
[35, 36]
[36, 37]
[37, 38]
[33, 41]
[41, 40]
[40, 39]
[39, 46]
[46, 45]
[45, 44]
[44, 43]
[43, 42]
[42, 54]
[54, 53]
[53, 52]
[52, 51]
[51, 50]
[50, 49]
[49, 48]
[48, 47]
[47, 57]
[57, 56]
[56, 55]
[55, 60]
[60, 59]
[59, 58]
[58, 69]
[69, 68]
[68, 67]
[67, 66]
[66, 65]
[65, 64]
[64, 63]
[63, 62]
[62, 61]
[69, 73]
[73, 72]
[72, 71]
[71, 70]
[70, 81]
[81, 80]
[80, 79]
[79, 78]
[78, 77]
[77, 76]
[76, 75]
[75, 74]
[77, 85]
[85, 84]
[84, 83]
[83, 82]
[82, 91]
[91, 90]
[90, 89]
[89, 88]
[88, 87]
[87, 86]
[89, 96]
[96, 95]
[95, 94]
[94, 93]
[93, 92]
[92, 99]
[99, 98]
[98, 97]

[0, 1]
[1, 2]
[2, 3]
[3, 4]
[4, 5]
[5, 6]
[6, 7]
[4, 14]
[14, 13]
[14, 15]
[15, 8]
[8, 9]
[9, 10]
[10, 11]
[9, 24]
[24, 23]
[23, 22]
[22, 21]
[21, 20]
[20, 19]
[19, 18]
[18, 17]
[17, 16]
[16, 27]
[27, 26]
[26, 25]
[19, 28]
[28, 29]
[29, 30]
[30, 31]
[31, 32]
[32, 33]
[33, 34]
[34, 35]
[35, 36]
[36, 37]
[37, 38]
[33, 41]
[41, 40]
[40, 39]
[39, 46]
[46, 45]
[45, 44]
[44, 43]
[43, 42]
[42, 54]
[54, 53]
[53, 52]
[52, 51]
[51, 50]
[50, 49]
[49, 48]
[48, 47]
[47, 57]
[57, 56]
[56, 55]
[55, 60]
[60, 59]
[59, 58]
[58, 69]
[69, 68]
[68, 67]
[67, 66]
[66, 65]
[65, 64]
[64, 63]
[63, 62]
[62, 61]
[69, 73]
[73, 72]
[72, 71]
[71, 70]
[70, 81]
[81, 80]
[80, 79]
[79, 78]
[78, 77]
[77, 76]
[76, 75]
[75, 74]
[77, 85]
[85, 84]
[84, 83]
[83, 82]
[82, 91]
[91, 90]
[90, 89]
[89, 88]
[88, 87]
[87, 86]
[89, 96]
[96, 95]
[95, 94]
[94, 93]
[93, 92]
[92, 99]
[99, 98]
[98, 97]

[0, 1]
[1, 2]
[2, 3]
[3, 4]
[4, 5]
[5, 6]
[6, 7]
[4, 14]
[14, 15]
[15, 8]
[8, 9]
[9, 10]
[10, 11]
[11, 12]
[9, 24]
[24, 23]
[23, 22]
[22, 21]
[21, 20]
[20, 19]
[19, 18]
[18, 17]
[17, 16]
[16, 27]
[27, 26]
[26, 25]
[19, 28]
[28, 29]
[29, 30]
[30, 31]
[31, 32]
[32, 33]
[33, 34]
[34, 35]
[35, 36]
[36, 37]
[37, 38]
[33, 41]
[41, 40]
[40, 39]
[39, 46]
[46, 45]
[45, 44]
[44, 43]
[43, 42]
[42, 54]
[54, 53]
[53, 52]
[52, 51]
[51, 50]
[50, 49]
[49, 48]
[48, 47]
[47, 57]
[57, 56]
[56, 55]
[55, 60]
[60, 59]
[59, 58]
[58, 69]
[69, 68]
[68, 67]
[67, 66]
[66, 65]
[65, 64]
[64, 63]
[63, 62]
[62, 61]
[69, 73]
[73, 72]
[72, 71]
[71, 70]
[70, 81]
[81, 80]
[80, 79]
[79, 78]
[78, 77]
[77, 76]
[76, 75]
[75, 74]
[77, 85]
[85, 84]
[84, 83]
[83, 82]
[82, 91]
[91, 90]
[90, 89]
[89, 88]
[88, 87]
[87, 86]
[89, 96]
[96, 95]
[95, 94]
[94, 93]
[93, 92]
[92, 99]
[99, 98]
[98, 97]

[0, 1]
[1, 2]
[2, 3]
[3, 4]
[4, 5]
[5, 6]
[6, 7]

[0, 1]
[1, 2]
[2, 3]
[3, 4]
[4, 5]
[5, 6]
[6, 7]
[4, 14]
[14, 13]
[13, 12]
[12, 11]
[11, 10]
[10, 9]
[9, 8]
[9, 24]
[24, 23]
[23, 22]
[22, 21]
[21, 20]
[20, 19]
[19, 18]
[18, 17]
[17, 16]
[16, 27]
[27, 26]
[26, 25]
[19, 28]
[28, 29]
[29, 30]
[30, 31]
[31, 32]
[32, 33]
[33, 34]
[34, 35]
[35, 36]
[36, 37]
[37, 38]
[33, 41]
[41, 40]
[40, 39]
[39, 46]
[46, 45]
[45, 44]
[44, 43]
[43, 42]
[42, 54]
[54, 53]
[53, 52]
[52, 51]
[51, 50]
[50, 49]
[49, 48]
[48, 47]
[47, 57]
[57, 56]
[56, 55]
[55, 60]
[60, 59]
[59, 58]
[58, 69]
[69, 68]
[68, 67]
[67, 66]
[66, 65]
[65, 64]
[64, 63]
[63, 62]
[62, 61]
[69, 73]
[73, 72]
[72, 71]
[71, 70]
[70, 81]
[81, 80]
[80, 79]
[79, 78]
[78, 77]
[77, 76]
[76, 75]
[75, 74]
[77, 85]
[85, 84]
[84, 83]
[83, 82]
[82, 91]
[91, 90]
[90, 89]
[89, 88]
[88, 87]
[87, 86]
[89, 96]
[96, 95]
[95, 94]
[94, 93]
[93, 92]
[92, 99]
[99, 98]
[98, 97]

[0, 1]
[1, 2]
[2, 3]
[3, 4]
[4, 5]
[5, 6]
[6, 7]
[4, 14]
[14, 13]
[13, 12]
[12, 11]
[11, 10]
[10, 9]
[9, 8]
[8, 15]
[9, 24]
[24, 23]
[23, 22]
[22, 21]
[21, 20]
[20, 19]
[19, 18]
[18, 17]
[19, 28]
[28, 29]
[29, 30]
[30, 31]
[31, 32]
[32, 33]
[33, 34]
[34, 35]
[35, 36]
[36, 37]
[37, 38]
[33, 41]
[41, 40]
[40, 39]
[39, 46]
[46, 45]
[45, 44]
[44, 43]
[43, 42]
[42, 54]
[54, 53]
[53, 52]
[52, 51]
[51, 50]
[50, 49]
[49, 48]
[48, 47]
[47, 57]
[57, 56]
[56, 55]
[55, 60]
[60, 59]
[59, 58]
[58, 69]
[69, 68]
[68, 67]
[67, 66]
[66, 65]
[65, 64]
[64, 63]
[63, 62]
[62, 61]
[69, 73]
[73, 72]
[72, 71]
[71, 70]
[70, 81]
[81, 80]
[80, 79]
[79, 78]
[78, 77]
[77, 76]
[76, 75]
[75, 74]
[77, 85]
[85, 84]
[84, 83]
[83, 82]
[82, 91]
[91, 90]
[90, 89]
[89, 88]
[88, 87]
[87, 86]
[89, 96]
[96, 95]
[95, 94]
[94, 93]
[93, 92]
[92, 99]
[99, 98]
[98, 97]
[24, 25]
[25, 26]
[26, 27]

[0, 1]
[1, 2]
[2, 3]
[3, 4]
[4, 5]
[5, 6]
[6, 7]
[4, 14]
[14, 13]
[13, 12]
[12, 11]
[11, 10]
[10, 9]
[9, 8]
[8, 15]
[9, 24]
[24, 23]
[23, 22]
[22, 21]
[21, 20]
[20, 19]
[19, 18]
[19, 28]
[28, 29]
[29, 30]
[30, 31]
[31, 32]
[32, 33]
[33, 34]
[34, 35]
[35, 36]
[36, 37]
[37, 38]
[33, 41]
[41, 40]
[40, 39]
[39, 46]
[46, 45]
[45, 44]
[44, 43]
[43, 42]
[42, 54]
[54, 53]
[53, 52]
[52, 51]
[51, 50]
[50, 49]
[49, 48]
[48, 47]
[47, 57]
[57, 56]
[56, 55]
[55, 60]
[60, 59]
[59, 58]
[58, 69]
[69, 68]
[68, 67]
[67, 66]
[66, 65]
[65, 64]
[64, 63]
[63, 62]
[62, 61]
[69, 73]
[73, 72]
[72, 71]
[71, 70]
[70, 81]
[81, 80]
[80, 79]
[79, 78]
[78, 77]
[77, 76]
[76, 75]
[75, 74]
[77, 85]
[85, 84]
[84, 83]
[83, 82]
[82, 91]
[91, 90]
[90, 89]
[89, 88]
[88, 87]
[87, 86]
[89, 96]
[96, 95]
[95, 94]
[94, 93]
[93, 92]
[92, 99]
[99, 98]
[98, 97]
[24, 25]
[25, 26]
[26, 27]
[27, 16]

[0, 1]
[1, 2]
[2, 3]
[3, 4]
[4, 5]
[5, 6]
[6, 7]
[4, 14]
[14, 13]
[13, 12]
[12, 11]
[11, 10]
[10, 9]
[9, 8]
[8, 15]
[9, 24]
[24, 23]
[23, 22]
[22, 21]
[21, 20]
[20, 19]
[19, 28]
[28, 29]
[29, 30]
[30, 31]
[31, 32]
[32, 33]
[33, 34]
[34, 35]
[35, 36]
[36, 37]
[37, 38]
[33, 41]
[41, 40]
[40, 39]
[39, 46]
[46, 45]
[45, 44]
[44, 43]
[43, 42]
[42, 54]
[54, 53]
[53, 52]
[52, 51]
[51, 50]
[50, 49]
[49, 48]
[48, 47]
[47, 57]
[57, 56]
[56, 55]
[55, 60]
[60, 59]
[59, 58]
[58, 69]
[69, 68]
[68, 67]
[67, 66]
[66, 65]
[65, 64]
[64, 63]
[63, 62]
[62, 61]
[69, 73]
[73, 72]
[72, 71]
[71, 70]
[70, 81]
[81, 80]
[80, 79]
[79, 78]
[78, 77]
[77, 76]
[76, 75]
[75, 74]
[77, 85]
[85, 84]
[84, 83]
[83, 82]
[82, 91]
[91, 90]
[90, 89]
[89, 88]
[88, 87]
[87, 86]
[89, 96]
[96, 95]
[95, 94]
[94, 93]
[93, 92]
[92, 99]
[99, 98]
[98, 97]
[24, 25]
[25, 26]
[26, 27]
[27, 16]
[16, 17]

[0, 1]
[1, 2]
[2, 3]
[3, 4]
[4, 5]
[5, 6]
[6, 7]
[4, 14]
[14, 13]
[13, 12]
[12, 11]
[11, 10]
[10, 9]
[9, 8]
[8, 15]
[9, 24]
[24, 23]
[23, 22]
[22, 21]
[21, 20]
[24, 25]
[25, 26]
[26, 27]
[27, 16]
[16, 17]
[17, 18]

[0, 1]
[1, 2]
[2, 3]
[3, 4]
[4, 5]
[5, 6]
[6, 7]
[4, 14]
[14, 13]
[13, 12]
[12, 11]
[11, 10]
[10, 9]
[9, 8]
[8, 15]
[9, 24]
[24, 23]
[23, 22]
[22, 21]
[24, 25]
[25, 26]
[26, 27]
[27, 16]
[16, 17]
[17, 18]
[18, 19]
[19, 28]
[28, 29]
[29, 30]
[30, 31]
[31, 32]
[32, 33]
[33, 34]
[34, 35]
[35, 36]
[36, 37]
[37, 38]
[33, 41]
[41, 40]
[40, 39]
[39, 46]
[46, 45]
[45, 44]
[44, 43]
[43, 42]
[42, 54]
[54, 53]
[53, 52]
[52, 51]
[51, 50]
[50, 49]
[49, 48]
[48, 47]
[47, 57]
[57, 56]
[56, 55]
[55, 60]
[60, 59]
[59, 58]
[58, 69]
[69, 68]
[68, 67]
[67, 66]
[66, 65]
[65, 64]
[64, 63]
[63, 62]
[62, 61]
[69, 73]
[73, 72]
[72, 71]
[71, 70]
[70, 81]
[81, 80]
[80, 79]
[79, 78]
[78, 77]
[77, 76]
[76, 75]
[75, 74]
[77, 85]
[85, 84]
[84, 83]
[83, 82]
[82, 91]
[91, 90]
[90, 89]
[89, 88]
[88, 87]
[87, 86]
[89, 96]
[96, 95]
[95, 94]
[94, 93]
[93, 92]
[92, 99]
[99, 98]
[98, 97]

[0, 1]
[1, 2]
[2, 3]
[3, 4]
[4, 5]
[5, 6]
[6, 7]
[4, 14]
[14, 13]
[13, 12]
[12, 11]
[11, 10]
[10, 9]
[9, 8]
[8, 15]
[9, 24]
[24, 23]
[23, 22]
[24, 25]
[25, 26]
[26, 27]
[27, 16]
[16, 17]
[17, 18]
[18, 19]
[19, 20]
[19, 28]
[28, 29]
[29, 30]
[30, 31]
[31, 32]
[32, 33]
[33, 34]
[34, 35]
[35, 36]
[36, 37]
[37, 38]
[33, 41]
[41, 40]
[40, 39]
[39, 46]
[46, 45]
[45, 44]
[44, 43]
[43, 42]
[42, 54]
[54, 53]
[53, 52]
[52, 51]
[51, 50]
[50, 49]
[49, 48]
[48, 47]
[47, 57]
[57, 56]
[56, 55]
[55, 60]
[60, 59]
[59, 58]
[58, 69]
[69, 68]
[68, 67]
[67, 66]
[66, 65]
[65, 64]
[64, 63]
[63, 62]
[62, 61]
[69, 73]
[73, 72]
[72, 71]
[71, 70]
[70, 81]
[81, 80]
[80, 79]
[79, 78]
[78, 77]
[77, 76]
[76, 75]
[75, 74]
[77, 85]
[85, 84]
[84, 83]
[83, 82]
[82, 91]
[91, 90]
[90, 89]
[89, 88]
[88, 87]
[87, 86]
[89, 96]
[96, 95]
[95, 94]
[94, 93]
[93, 92]
[92, 99]
[99, 98]
[98, 97]

[0, 1]
[1, 2]
[2, 3]
[3, 4]
[4, 5]
[5, 6]
[6, 7]
[4, 14]
[14, 13]
[13, 12]
[12, 11]
[11, 10]
[10, 9]
[9, 8]
[8, 15]
[9, 24]
[24, 23]
[24, 25]
[25, 26]
[26, 27]
[27, 16]
[16, 17]
[17, 18]
[18, 19]
[19, 20]
[20, 21]
[19, 28]
[28, 29]
[29, 30]
[30, 31]
[31, 32]
[32, 33]
[33, 34]
[34, 35]
[35, 36]
[36, 37]
[37, 38]
[33, 41]
[41, 40]
[40, 39]
[39, 46]
[46, 45]
[45, 44]
[44, 43]
[43, 42]
[42, 54]
[54, 53]
[53, 52]
[52, 51]
[51, 50]
[50, 49]
[49, 48]
[48, 47]
[47, 57]
[57, 56]
[56, 55]
[55, 60]
[60, 59]
[59, 58]
[58, 69]
[69, 68]
[68, 67]
[67, 66]
[66, 65]
[65, 64]
[64, 63]
[63, 62]
[62, 61]
[69, 73]
[73, 72]
[72, 71]
[71, 70]
[70, 81]
[81, 80]
[80, 79]
[79, 78]
[78, 77]
[77, 76]
[76, 75]
[75, 74]
[77, 85]
[85, 84]
[84, 83]
[83, 82]
[82, 91]
[91, 90]
[90, 89]
[89, 88]
[88, 87]
[87, 86]
[89, 96]
[96, 95]
[95, 94]
[94, 93]
[93, 92]
[92, 99]
[99, 98]
[98, 97]

[0, 1]
[1, 2]
[2, 3]
[3, 4]
[4, 5]
[5, 6]
[6, 7]
[4, 14]
[14, 13]
[13, 12]
[12, 11]
[11, 10]
[10, 9]
[9, 8]
[8, 15]
[9, 24]
[24, 25]
[25, 26]
[26, 27]
[27, 16]
[16, 17]
[17, 18]
[18, 19]
[19, 20]
[20, 21]
[21, 22]
[19, 28]
[28, 29]
[29, 30]
[30, 31]
[31, 32]
[32, 33]
[33, 34]
[34, 35]
[35, 36]
[36, 37]
[37, 38]
[33, 41]
[41, 40]
[40, 39]
[39, 46]
[46, 45]
[45, 44]
[44, 43]
[43, 42]
[42, 54]
[54, 53]
[53, 52]
[52, 51]
[51, 50]
[50, 49]
[49, 48]
[48, 47]
[47, 57]
[57, 56]
[56, 55]
[55, 60]
[60, 59]
[59, 58]
[58, 69]
[69, 68]
[68, 67]
[67, 66]
[66, 65]
[65, 64]
[64, 63]
[63, 62]
[62, 61]
[69, 73]
[73, 72]
[72, 71]
[71, 70]
[70, 81]
[81, 80]
[80, 79]
[79, 78]
[78, 77]
[77, 76]
[76, 75]
[75, 74]
[77, 85]
[85, 84]
[84, 83]
[83, 82]
[82, 91]
[91, 90]
[90, 89]
[89, 88]
[88, 87]
[87, 86]
[89, 96]
[96, 95]
[95, 94]
[94, 93]
[93, 92]
[92, 99]
[99, 98]
[98, 97]

[0, 1]
[1, 2]
[2, 3]
[3, 4]
[4, 5]
[5, 6]
[6, 7]
[4, 14]
[14, 13]
[13, 12]
[12, 11]
[11, 10]
[10, 9]
[9, 8]
[8, 15]

[0, 1]
[1, 2]
[2, 3]
[3, 4]
[4, 5]
[5, 6]
[6, 7]
[4, 14]
[14, 13]
[13, 12]
[12, 11]
[11, 10]
[10, 9]
[9, 8]
[8, 15]
[9, 24]
[24, 23]
[23, 22]
[22, 21]
[21, 20]
[20, 19]
[19, 18]
[18, 17]
[17, 16]
[16, 27]
[27, 26]
[19, 28]
[28, 29]
[29, 30]
[30, 31]
[31, 32]
[32, 33]
[33, 34]
[34, 35]
[35, 36]
[36, 37]
[37, 38]
[33, 41]
[41, 40]
[40, 39]
[39, 46]
[46, 45]
[45, 44]
[44, 43]
[43, 42]
[42, 54]
[54, 53]
[53, 52]
[52, 51]
[51, 50]
[50, 49]
[49, 48]
[48, 47]
[47, 57]
[57, 56]
[56, 55]
[55, 60]
[60, 59]
[59, 58]
[58, 69]
[69, 68]
[68, 67]
[67, 66]
[66, 65]
[65, 64]
[64, 63]
[63, 62]
[62, 61]
[69, 73]
[73, 72]
[72, 71]
[71, 70]
[70, 81]
[81, 80]
[80, 79]
[79, 78]
[78, 77]
[77, 76]
[76, 75]
[75, 74]
[77, 85]
[85, 84]
[84, 83]
[83, 82]
[82, 91]
[91, 90]
[90, 89]
[89, 88]
[88, 87]
[87, 86]
[89, 96]
[96, 95]
[95, 94]
[94, 93]
[93, 92]
[92, 99]
[99, 98]
[98, 97]

[0, 1]
[1, 2]
[2, 3]
[3, 4]
[4, 5]
[5, 6]
[6, 7]
[4, 14]
[14, 13]
[13, 12]
[12, 11]
[11, 10]
[10, 9]
[9, 8]
[8, 15]
[9, 24]
[24, 23]
[23, 22]
[22, 21]
[21, 20]
[20, 19]
[19, 18]
[18, 17]
[17, 16]
[16, 27]
[19, 28]
[28, 29]
[29, 30]
[30, 31]
[31, 32]
[32, 33]
[33, 34]
[34, 35]
[35, 36]
[36, 37]
[37, 38]
[33, 41]
[41, 40]
[40, 39]
[39, 46]
[46, 45]
[45, 44]
[44, 43]
[43, 42]
[42, 54]
[54, 53]
[53, 52]
[52, 51]
[51, 50]
[50, 49]
[49, 48]
[48, 47]
[47, 57]
[57, 56]
[56, 55]
[55, 60]
[60, 59]
[59, 58]
[58, 69]
[69, 68]
[68, 67]
[67, 66]
[66, 65]
[65, 64]
[64, 63]
[63, 62]
[62, 61]
[69, 73]
[73, 72]
[72, 71]
[71, 70]
[70, 81]
[81, 80]
[80, 79]
[79, 78]
[78, 77]
[77, 76]
[76, 75]
[75, 74]
[77, 85]
[85, 84]
[84, 83]
[83, 82]
[82, 91]
[91, 90]
[90, 89]
[89, 88]
[88, 87]
[87, 86]
[89, 96]
[96, 95]
[95, 94]
[94, 93]
[93, 92]
[92, 99]
[99, 98]
[98, 97]
[24, 25]

[0, 1]
[1, 2]
[2, 3]
[3, 4]
[4, 5]
[5, 6]
[6, 7]
[4, 14]
[14, 13]
[13, 12]
[12, 11]
[11, 10]
[10, 9]
[9, 8]
[8, 15]
[9, 24]
[24, 23]
[23, 22]
[22, 21]
[21, 20]
[20, 19]
[19, 18]
[18, 17]
[17, 16]
[19, 28]
[28, 29]
[29, 30]
[30, 31]
[31, 32]
[32, 33]
[33, 34]
[34, 35]
[35, 36]
[36, 37]
[37, 38]
[33, 41]
[41, 40]
[40, 39]
[39, 46]
[46, 45]
[45, 44]
[44, 43]
[43, 42]
[42, 54]
[54, 53]
[53, 52]
[52, 51]
[51, 50]
[50, 49]
[49, 48]
[48, 47]
[47, 57]
[57, 56]
[56, 55]
[55, 60]
[60, 59]
[59, 58]
[58, 69]
[69, 68]
[68, 67]
[67, 66]
[66, 65]
[65, 64]
[64, 63]
[63, 62]
[62, 61]
[69, 73]
[73, 72]
[72, 71]
[71, 70]
[70, 81]
[81, 80]
[80, 79]
[79, 78]
[78, 77]
[77, 76]
[76, 75]
[75, 74]
[77, 85]
[85, 84]
[84, 83]
[83, 82]
[82, 91]
[91, 90]
[90, 89]
[89, 88]
[88, 87]
[87, 86]
[89, 96]
[96, 95]
[95, 94]
[94, 93]
[93, 92]
[92, 99]
[99, 98]
[98, 97]
[24, 25]
[25, 26]

[0, 1]
[1, 2]
[2, 3]
[3, 4]
[4, 5]
[5, 6]
[6, 7]
[4, 14]
[14, 13]
[13, 12]
[12, 11]
[11, 10]
[10, 9]
[9, 8]
[8, 15]
[9, 24]
[24, 23]
[23, 22]
[22, 21]
[21, 20]
[20, 19]
[19, 18]
[18, 17]
[17, 16]
[16, 27]
[27, 26]
[26, 25]

[0, 1]
[1, 2]
[2, 3]
[3, 4]
[4, 5]
[5, 6]
[6, 7]
[4, 14]
[14, 13]
[13, 12]
[12, 11]
[11, 10]
[10, 9]
[9, 8]
[8, 15]
[9, 24]
[24, 23]
[23, 22]
[22, 21]
[21, 20]
[20, 19]
[19, 18]
[18, 17]
[17, 16]
[16, 27]
[27, 26]
[26, 25]
[19, 28]
[28, 38]
[38, 37]
[37, 36]
[36, 35]
[35, 34]
[34, 33]
[33, 32]
[32, 31]
[31, 30]
[33, 41]
[41, 40]
[40, 39]
[39, 46]
[46, 45]
[45, 44]
[44, 43]
[43, 42]
[42, 54]
[54, 53]
[53, 52]
[52, 51]
[51, 50]
[50, 49]
[49, 48]
[48, 47]
[47, 57]
[57, 56]
[56, 55]
[55, 60]
[60, 59]
[59, 58]
[58, 69]
[69, 68]
[68, 67]
[67, 66]
[66, 65]
[65, 64]
[64, 63]
[63, 62]
[62, 61]
[69, 73]
[73, 72]
[72, 71]
[71, 70]
[70, 81]
[81, 80]
[80, 79]
[79, 78]
[78, 77]
[77, 76]
[76, 75]
[75, 74]
[77, 85]
[85, 84]
[84, 83]
[83, 82]
[82, 91]
[91, 90]
[90, 89]
[89, 88]
[88, 87]
[87, 86]
[89, 96]
[96, 95]
[95, 94]
[94, 93]
[93, 92]
[92, 99]
[99, 98]
[98, 97]

[0, 1]
[1, 2]
[2, 3]
[3, 4]
[4, 5]
[5, 6]
[6, 7]
[4, 14]
[14, 13]
[13, 12]
[12, 11]
[11, 10]
[10, 9]
[9, 8]
[8, 15]
[9, 24]
[24, 23]
[23, 22]
[22, 21]
[21, 20]
[20, 19]
[19, 18]
[18, 17]
[17, 16]
[16, 27]
[27, 26]
[26, 25]
[19, 28]
[28, 29]
[28, 38]
[38, 37]
[37, 36]
[36, 35]
[35, 34]
[34, 33]
[33, 32]
[32, 31]
[33, 41]
[41, 40]
[40, 39]
[39, 46]
[46, 45]
[45, 44]
[44, 43]
[43, 42]
[42, 54]
[54, 53]
[53, 52]
[52, 51]
[51, 50]
[50, 49]
[49, 48]
[48, 47]
[47, 57]
[57, 56]
[56, 55]
[55, 60]
[60, 59]
[59, 58]
[58, 69]
[69, 68]
[68, 67]
[67, 66]
[66, 65]
[65, 64]
[64, 63]
[63, 62]
[62, 61]
[69, 73]
[73, 72]
[72, 71]
[71, 70]
[70, 81]
[81, 80]
[80, 79]
[79, 78]
[78, 77]
[77, 76]
[76, 75]
[75, 74]
[77, 85]
[85, 84]
[84, 83]
[83, 82]
[82, 91]
[91, 90]
[90, 89]
[89, 88]
[88, 87]
[87, 86]
[89, 96]
[96, 95]
[95, 94]
[94, 93]
[93, 92]
[92, 99]
[99, 98]
[98, 97]

[0, 1]
[1, 2]
[2, 3]
[3, 4]
[4, 5]
[5, 6]
[6, 7]
[4, 14]
[14, 13]
[13, 12]
[12, 11]
[11, 10]
[10, 9]
[9, 8]
[8, 15]
[9, 24]
[24, 23]
[23, 22]
[22, 21]
[21, 20]
[20, 19]
[19, 18]
[18, 17]
[17, 16]
[16, 27]
[27, 26]
[26, 25]
[19, 28]
[28, 29]
[29, 30]
[28, 38]
[38, 37]
[37, 36]
[36, 35]
[35, 34]
[34, 33]
[33, 32]
[33, 41]
[41, 40]
[40, 39]
[39, 46]
[46, 45]
[45, 44]
[44, 43]
[43, 42]
[42, 54]
[54, 53]
[53, 52]
[52, 51]
[51, 50]
[50, 49]
[49, 48]
[48, 47]
[47, 57]
[57, 56]
[56, 55]
[55, 60]
[60, 59]
[59, 58]
[58, 69]
[69, 68]
[68, 67]
[67, 66]
[66, 65]
[65, 64]
[64, 63]
[63, 62]
[62, 61]
[69, 73]
[73, 72]
[72, 71]
[71, 70]
[70, 81]
[81, 80]
[80, 79]
[79, 78]
[78, 77]
[77, 76]
[76, 75]
[75, 74]
[77, 85]
[85, 84]
[84, 83]
[83, 82]
[82, 91]
[91, 90]
[90, 89]
[89, 88]
[88, 87]
[87, 86]
[89, 96]
[96, 95]
[95, 94]
[94, 93]
[93, 92]
[92, 99]
[99, 98]
[98, 97]

[0, 1]
[1, 2]
[2, 3]
[3, 4]
[4, 5]
[5, 6]
[6, 7]
[4, 14]
[14, 13]
[13, 12]
[12, 11]
[11, 10]
[10, 9]
[9, 8]
[8, 15]
[9, 24]
[24, 23]
[23, 22]
[22, 21]
[21, 20]
[20, 19]
[19, 18]
[18, 17]
[17, 16]
[16, 27]
[27, 26]
[26, 25]
[19, 28]
[28, 29]
[29, 30]
[30, 31]
[28, 38]
[38, 37]
[37, 36]
[36, 35]
[35, 34]
[34, 33]
[33, 41]
[41, 40]
[40, 39]
[39, 46]
[46, 45]
[45, 44]
[44, 43]
[43, 42]
[42, 54]
[54, 53]
[53, 52]
[52, 51]
[51, 50]
[50, 49]
[49, 48]
[48, 47]
[47, 57]
[57, 56]
[56, 55]
[55, 60]
[60, 59]
[59, 58]
[58, 69]
[69, 68]
[68, 67]
[67, 66]
[66, 65]
[65, 64]
[64, 63]
[63, 62]
[62, 61]
[69, 73]
[73, 72]
[72, 71]
[71, 70]
[70, 81]
[81, 80]
[80, 79]
[79, 78]
[78, 77]
[77, 76]
[76, 75]
[75, 74]
[77, 85]
[85, 84]
[84, 83]
[83, 82]
[82, 91]
[91, 90]
[90, 89]
[89, 88]
[88, 87]
[87, 86]
[89, 96]
[96, 95]
[95, 94]
[94, 93]
[93, 92]
[92, 99]
[99, 98]
[98, 97]

[0, 1]
[1, 2]
[2, 3]
[3, 4]
[4, 5]
[5, 6]
[6, 7]
[4, 14]
[14, 13]
[13, 12]
[12, 11]
[11, 10]
[10, 9]
[9, 8]
[8, 15]
[9, 24]
[24, 23]
[23, 22]
[22, 21]
[21, 20]
[20, 19]
[19, 18]
[18, 17]
[17, 16]
[16, 27]
[27, 26]
[26, 25]
[19, 28]
[28, 29]
[29, 30]
[30, 31]
[31, 32]
[28, 38]
[38, 37]
[37, 36]
[36, 35]
[35, 34]

[0, 1]
[1, 2]
[2, 3]
[3, 4]
[4, 5]
[5, 6]
[6, 7]
[4, 14]
[14, 13]
[13, 12]
[12, 11]
[11, 10]
[10, 9]
[9, 8]
[8, 15]
[9, 24]
[24, 23]
[23, 22]
[22, 21]
[21, 20]
[20, 19]
[19, 18]
[18, 17]
[17, 16]
[16, 27]
[27, 26]
[26, 25]
[19, 28]
[28, 29]
[29, 30]
[30, 31]
[31, 32]
[32, 33]
[33, 41]
[41, 40]
[40, 39]
[39, 46]
[46, 45]
[45, 44]
[44, 43]
[43, 42]
[42, 54]
[54, 53]
[53, 52]
[52, 51]
[51, 50]
[50, 49]
[49, 48]
[48, 47]
[47, 57]
[57, 56]
[56, 55]
[55, 60]
[60, 59]
[59, 58]
[58, 69]
[69, 68]
[68, 67]
[67, 66]
[66, 65]
[65, 64]
[64, 63]
[63, 62]
[62, 61]
[69, 73]
[73, 72]
[72, 71]
[71, 70]
[70, 81]
[81, 80]
[80, 79]
[79, 78]
[78, 77]
[77, 76]
[76, 75]
[75, 74]
[77, 85]
[85, 84]
[84, 83]
[83, 82]
[82, 91]
[91, 90]
[90, 89]
[89, 88]
[88, 87]
[87, 86]
[89, 96]
[96, 95]
[95, 94]
[94, 93]
[93, 92]
[92, 99]
[99, 98]
[98, 97]
[28, 38]
[38, 37]
[37, 36]
[36, 35]

[0, 1]
[1, 2]
[2, 3]
[3, 4]
[4, 5]
[5, 6]
[6, 7]
[4, 14]
[14, 13]
[13, 12]
[12, 11]
[11, 10]
[10, 9]
[9, 8]
[8, 15]
[9, 24]
[24, 23]
[23, 22]
[22, 21]
[21, 20]
[20, 19]
[19, 18]
[18, 17]
[17, 16]
[16, 27]
[27, 26]
[26, 25]
[19, 28]
[28, 29]
[29, 30]
[30, 31]
[31, 32]
[32, 33]
[33, 34]
[33, 41]
[41, 40]
[40, 39]
[39, 46]
[46, 45]
[45, 44]
[44, 43]
[43, 42]
[42, 54]
[54, 53]
[53, 52]
[52, 51]
[51, 50]
[50, 49]
[49, 48]
[48, 47]
[47, 57]
[57, 56]
[56, 55]
[55, 60]
[60, 59]
[59, 58]
[58, 69]
[69, 68]
[68, 67]
[67, 66]
[66, 65]
[65, 64]
[64, 63]
[63, 62]
[62, 61]
[69, 73]
[73, 72]
[72, 71]
[71, 70]
[70, 81]
[81, 80]
[80, 79]
[79, 78]
[78, 77]
[77, 76]
[76, 75]
[75, 74]
[77, 85]
[85, 84]
[84, 83]
[83, 82]
[82, 91]
[91, 90]
[90, 89]
[89, 88]
[88, 87]
[87, 86]
[89, 96]
[96, 95]
[95, 94]
[94, 93]
[93, 92]
[92, 99]
[99, 98]
[98, 97]
[28, 38]
[38, 37]
[37, 36]

[0, 1]
[1, 2]
[2, 3]
[3, 4]
[4, 5]
[5, 6]
[6, 7]
[4, 14]
[14, 13]
[13, 12]
[12, 11]
[11, 10]
[10, 9]
[9, 8]
[8, 15]
[9, 24]
[24, 23]
[23, 22]
[22, 21]
[21, 20]
[20, 19]
[19, 18]
[18, 17]
[17, 16]
[16, 27]
[27, 26]
[26, 25]
[19, 28]
[28, 29]
[29, 30]
[30, 31]
[31, 32]
[32, 33]
[33, 34]
[34, 35]
[33, 41]
[41, 40]
[40, 39]
[39, 46]
[46, 45]
[45, 44]
[44, 43]
[43, 42]
[42, 54]
[54, 53]
[53, 52]
[52, 51]
[51, 50]
[50, 49]
[49, 48]
[48, 47]
[47, 57]
[57, 56]
[56, 55]
[55, 60]
[60, 59]
[59, 58]
[58, 69]
[69, 68]
[68, 67]
[67, 66]
[66, 65]
[65, 64]
[64, 63]
[63, 62]
[62, 61]
[69, 73]
[73, 72]
[72, 71]
[71, 70]
[70, 81]
[81, 80]
[80, 79]
[79, 78]
[78, 77]
[77, 76]
[76, 75]
[75, 74]
[77, 85]
[85, 84]
[84, 83]
[83, 82]
[82, 91]
[91, 90]
[90, 89]
[89, 88]
[88, 87]
[87, 86]
[89, 96]
[96, 95]
[95, 94]
[94, 93]
[93, 92]
[92, 99]
[99, 98]
[98, 97]
[28, 38]
[38, 37]

[0, 1]
[1, 2]
[2, 3]
[3, 4]
[4, 5]
[5, 6]
[6, 7]
[4, 14]
[14, 13]
[13, 12]
[12, 11]
[11, 10]
[10, 9]
[9, 8]
[8, 15]
[9, 24]
[24, 23]
[23, 22]
[22, 21]
[21, 20]
[20, 19]
[19, 18]
[18, 17]
[17, 16]
[16, 27]
[27, 26]
[26, 25]
[19, 28]
[28, 29]
[29, 30]
[30, 31]
[31, 32]
[32, 33]
[33, 34]
[34, 35]
[35, 36]
[33, 41]
[41, 40]
[40, 39]
[39, 46]
[46, 45]
[45, 44]
[44, 43]
[43, 42]
[42, 54]
[54, 53]
[53, 52]
[52, 51]
[51, 50]
[50, 49]
[49, 48]
[48, 47]
[47, 57]
[57, 56]
[56, 55]
[55, 60]
[60, 59]
[59, 58]
[58, 69]
[69, 68]
[68, 67]
[67, 66]
[66, 65]
[65, 64]
[64, 63]
[63, 62]
[62, 61]
[69, 73]
[73, 72]
[72, 71]
[71, 70]
[70, 81]
[81, 80]
[80, 79]
[79, 78]
[78, 77]
[77, 76]
[76, 75]
[75, 74]
[77, 85]
[85, 84]
[84, 83]
[83, 82]
[82, 91]
[91, 90]
[90, 89]
[89, 88]
[88, 87]
[87, 86]
[89, 96]
[96, 95]
[95, 94]
[94, 93]
[93, 92]
[92, 99]
[99, 98]
[98, 97]
[28, 38]

[0, 1]
[1, 2]
[2, 3]
[3, 4]
[4, 5]
[5, 6]
[6, 7]
[4, 14]
[14, 13]
[13, 12]
[12, 11]
[11, 10]
[10, 9]
[9, 8]
[8, 15]
[9, 24]
[24, 23]
[23, 22]
[22, 21]
[21, 20]
[20, 19]
[19, 18]
[18, 17]
[17, 16]
[16, 27]
[27, 26]
[26, 25]
[19, 28]
[28, 29]
[29, 30]
[30, 31]
[31, 32]
[32, 33]
[33, 34]
[34, 35]
[35, 36]
[36, 37]
[33, 41]
[41, 40]
[40, 39]
[39, 46]
[46, 45]
[45, 44]
[44, 43]
[43, 42]
[42, 54]
[54, 53]
[53, 52]
[52, 51]
[51, 50]
[50, 49]
[49, 48]
[48, 47]
[47, 57]
[57, 56]
[56, 55]
[55, 60]
[60, 59]
[59, 58]
[58, 69]
[69, 68]
[68, 67]
[67, 66]
[66, 65]
[65, 64]
[64, 63]
[63, 62]
[62, 61]
[69, 73]
[73, 72]
[72, 71]
[71, 70]
[70, 81]
[81, 80]
[80, 79]
[79, 78]
[78, 77]
[77, 76]
[76, 75]
[75, 74]
[77, 85]
[85, 84]
[84, 83]
[83, 82]
[82, 91]
[91, 90]
[90, 89]
[89, 88]
[88, 87]
[87, 86]
[89, 96]
[96, 95]
[95, 94]
[94, 93]
[93, 92]
[92, 99]
[99, 98]
[98, 97]

[0, 1]
[1, 2]
[2, 3]
[3, 4]
[4, 5]
[5, 6]
[6, 7]
[4, 14]
[14, 13]
[13, 12]
[12, 11]
[11, 10]
[10, 9]
[9, 8]
[8, 15]
[9, 24]
[24, 23]
[23, 22]
[22, 21]
[21, 20]
[20, 19]
[19, 18]
[18, 17]
[17, 16]
[16, 27]
[27, 26]
[26, 25]
[19, 28]
[28, 29]
[29, 30]
[30, 31]
[31, 32]
[32, 33]
[33, 34]
[34, 35]
[35, 36]
[36, 37]
[37, 38]
[33, 41]
[41, 40]
[41, 42]
[42, 43]
[43, 44]
[44, 45]
[45, 46]
[42, 54]
[54, 53]
[53, 52]
[52, 51]
[51, 50]
[50, 49]
[49, 48]
[48, 47]
[47, 57]
[57, 56]
[56, 55]
[55, 60]
[60, 59]
[59, 58]
[58, 69]
[69, 68]
[68, 67]
[67, 66]
[66, 65]
[65, 64]
[64, 63]
[63, 62]
[62, 61]
[69, 73]
[73, 72]
[72, 71]
[71, 70]
[70, 81]
[81, 80]
[80, 79]
[79, 78]
[78, 77]
[77, 76]
[76, 75]
[75, 74]
[77, 85]
[85, 84]
[84, 83]
[83, 82]
[82, 91]
[91, 90]
[90, 89]
[89, 88]
[88, 87]
[87, 86]
[89, 96]
[96, 95]
[95, 94]
[94, 93]
[93, 92]
[92, 99]
[99, 98]
[98, 97]

[0, 1]
[1, 2]
[2, 3]
[3, 4]
[4, 5]
[5, 6]
[6, 7]
[4, 14]
[14, 13]
[13, 12]
[12, 11]
[11, 10]
[10, 9]
[9, 8]
[8, 15]
[9, 24]
[24, 23]
[23, 22]
[22, 21]
[21, 20]
[20, 19]
[19, 18]
[18, 17]
[17, 16]
[16, 27]
[27, 26]
[26, 25]
[19, 28]
[28, 29]
[29, 30]
[30, 31]
[31, 32]
[32, 33]
[33, 34]
[34, 35]
[35, 36]
[36, 37]
[37, 38]
[33, 41]
[41, 42]
[42, 43]
[43, 44]
[44, 45]
[45, 46]
[46, 39]
[42, 54]
[54, 53]
[53, 52]
[52, 51]
[51, 50]
[50, 49]
[49, 48]
[48, 47]
[47, 57]
[57, 56]
[56, 55]
[55, 60]
[60, 59]
[59, 58]
[58, 69]
[69, 68]
[68, 67]
[67, 66]
[66, 65]
[65, 64]
[64, 63]
[63, 62]
[62, 61]
[69, 73]
[73, 72]
[72, 71]
[71, 70]
[70, 81]
[81, 80]
[80, 79]
[79, 78]
[78, 77]
[77, 76]
[76, 75]
[75, 74]
[77, 85]
[85, 84]
[84, 83]
[83, 82]
[82, 91]
[91, 90]
[90, 89]
[89, 88]
[88, 87]
[87, 86]
[89, 96]
[96, 95]
[95, 94]
[94, 93]
[93, 92]
[92, 99]
[99, 98]
[98, 97]

[0, 1]
[1, 2]
[2, 3]
[3, 4]
[4, 5]
[5, 6]
[6, 7]
[4, 14]
[14, 13]
[13, 12]
[12, 11]
[11, 10]
[10, 9]
[9, 8]
[8, 15]
[9, 24]
[24, 23]
[23, 22]
[22, 21]
[21, 20]
[20, 19]
[19, 18]
[18, 17]
[17, 16]
[16, 27]
[27, 26]
[26, 25]
[19, 28]
[28, 29]
[29, 30]
[30, 31]
[31, 32]
[32, 33]
[33, 34]
[34, 35]
[35, 36]
[36, 37]
[37, 38]

[0, 1]
[1, 2]
[2, 3]
[3, 4]
[4, 5]
[5, 6]
[6, 7]
[4, 14]
[14, 13]
[13, 12]
[12, 11]
[11, 10]
[10, 9]
[9, 8]
[8, 15]
[9, 24]
[24, 23]
[23, 22]
[22, 21]
[21, 20]
[20, 19]
[19, 18]
[18, 17]
[17, 16]
[16, 27]
[27, 26]
[26, 25]
[19, 28]
[28, 29]
[29, 30]
[30, 31]
[31, 32]
[32, 33]
[33, 34]
[34, 35]
[35, 36]
[36, 37]
[37, 38]
[33, 41]
[41, 40]
[40, 39]
[39, 46]
[46, 45]
[45, 44]
[44, 43]

[0, 1]
[1, 2]
[2, 3]
[3, 4]
[4, 5]
[5, 6]
[6, 7]
[4, 14]
[14, 13]
[13, 12]
[12, 11]
[11, 10]
[10, 9]
[9, 8]
[8, 15]
[9, 24]
[24, 23]
[23, 22]
[22, 21]
[21, 20]
[20, 19]
[19, 18]
[18, 17]
[17, 16]
[16, 27]
[27, 26]
[26, 25]
[19, 28]
[28, 29]
[29, 30]
[30, 31]
[31, 32]
[32, 33]
[33, 34]
[34, 35]
[35, 36]
[36, 37]
[37, 38]
[33, 41]
[41, 40]
[40, 39]
[39, 46]
[46, 45]
[45, 44]
[41, 42]
[42, 54]
[54, 53]
[53, 52]
[52, 51]
[51, 50]
[50, 49]
[49, 48]
[48, 47]
[47, 57]
[57, 56]
[56, 55]
[55, 60]
[60, 59]
[59, 58]
[58, 69]
[69, 68]
[68, 67]
[67, 66]
[66, 65]
[65, 64]
[64, 63]
[63, 62]
[62, 61]
[69, 73]
[73, 72]
[72, 71]
[71, 70]
[70, 81]
[81, 80]
[80, 79]
[79, 78]
[78, 77]
[77, 76]
[76, 75]
[75, 74]
[77, 85]
[85, 84]
[84, 83]
[83, 82]
[82, 91]
[91, 90]
[90, 89]
[89, 88]
[88, 87]
[87, 86]
[89, 96]
[96, 95]
[95, 94]
[94, 93]
[93, 92]
[92, 99]
[99, 98]
[98, 97]

[0, 1]
[1, 2]
[2, 3]
[3, 4]
[4, 5]
[5, 6]
[6, 7]
[4, 14]
[14, 13]
[13, 12]
[12, 11]
[11, 10]
[10, 9]
[9, 8]
[8, 15]
[9, 24]
[24, 23]
[23, 22]
[22, 21]
[21, 20]
[20, 19]
[19, 18]
[18, 17]
[17, 16]
[16, 27]
[27, 26]
[26, 25]
[19, 28]
[28, 29]
[29, 30]
[30, 31]
[31, 32]
[32, 33]
[33, 34]
[34, 35]
[35, 36]
[36, 37]
[37, 38]
[33, 41]
[41, 40]
[40, 39]
[39, 46]
[46, 45]
[41, 42]
[42, 43]
[42, 54]
[54, 53]
[53, 52]
[52, 51]
[51, 50]
[50, 49]
[49, 48]
[48, 47]
[47, 57]
[57, 56]
[56, 55]
[55, 60]
[60, 59]
[59, 58]
[58, 69]
[69, 68]
[68, 67]
[67, 66]
[66, 65]
[65, 64]
[64, 63]
[63, 62]
[62, 61]
[69, 73]
[73, 72]
[72, 71]
[71, 70]
[70, 81]
[81, 80]
[80, 79]
[79, 78]
[78, 77]
[77, 76]
[76, 75]
[75, 74]
[77, 85]
[85, 84]
[84, 83]
[83, 82]
[82, 91]
[91, 90]
[90, 89]
[89, 88]
[88, 87]
[87, 86]
[89, 96]
[96, 95]
[95, 94]
[94, 93]
[93, 92]
[92, 99]
[99, 98]
[98, 97]

[0, 1]
[1, 2]
[2, 3]
[3, 4]
[4, 5]
[5, 6]
[6, 7]
[4, 14]
[14, 13]
[13, 12]
[12, 11]
[11, 10]
[10, 9]
[9, 8]
[8, 15]
[9, 24]
[24, 23]
[23, 22]
[22, 21]
[21, 20]
[20, 19]
[19, 18]
[18, 17]
[17, 16]
[16, 27]
[27, 26]
[26, 25]
[19, 28]
[28, 29]
[29, 30]
[30, 31]
[31, 32]
[32, 33]
[33, 34]
[34, 35]
[35, 36]
[36, 37]
[37, 38]
[33, 41]
[41, 40]
[40, 39]
[39, 46]
[41, 42]
[42, 43]
[43, 44]
[42, 54]
[54, 53]
[53, 52]
[52, 51]
[51, 50]
[50, 49]
[49, 48]
[48, 47]
[47, 57]
[57, 56]
[56, 55]
[55, 60]
[60, 59]
[59, 58]
[58, 69]
[69, 68]
[68, 67]
[67, 66]
[66, 65]
[65, 64]
[64, 63]
[63, 62]
[62, 61]
[69, 73]
[73, 72]
[72, 71]
[71, 70]
[70, 81]
[81, 80]
[80, 79]
[79, 78]
[78, 77]
[77, 76]
[76, 75]
[75, 74]
[77, 85]
[85, 84]
[84, 83]
[83, 82]
[82, 91]
[91, 90]
[90, 89]
[89, 88]
[88, 87]
[87, 86]
[89, 96]
[96, 95]
[95, 94]
[94, 93]
[93, 92]
[92, 99]
[99, 98]
[98, 97]

[0, 1]
[1, 2]
[2, 3]
[3, 4]
[4, 5]
[5, 6]
[6, 7]
[4, 14]
[14, 13]
[13, 12]
[12, 11]
[11, 10]
[10, 9]
[9, 8]
[8, 15]
[9, 24]
[24, 23]
[23, 22]
[22, 21]
[21, 20]
[20, 19]
[19, 18]
[18, 17]
[17, 16]
[16, 27]
[27, 26]
[26, 25]
[19, 28]
[28, 29]
[29, 30]
[30, 31]
[31, 32]
[32, 33]
[33, 34]
[34, 35]
[35, 36]
[36, 37]
[37, 38]
[33, 41]
[41, 40]
[40, 39]
[41, 42]
[42, 43]
[43, 44]
[44, 45]
[42, 54]
[54, 53]
[53, 52]
[52, 51]
[51, 50]
[50, 49]
[49, 48]
[48, 47]
[47, 57]
[57, 56]
[56, 55]
[55, 60]
[60, 59]
[59, 58]
[58, 69]
[69, 68]
[68, 67]
[67, 66]
[66, 65]
[65, 64]
[64, 63]
[63, 62]
[62, 61]
[69, 73]
[73, 72]
[72, 71]
[71, 70]
[70, 81]
[81, 80]
[80, 79]
[79, 78]
[78, 77]
[77, 76]
[76, 75]
[75, 74]
[77, 85]
[85, 84]
[84, 83]
[83, 82]
[82, 91]
[91, 90]
[90, 89]
[89, 88]
[88, 87]
[87, 86]
[89, 96]
[96, 95]
[95, 94]
[94, 93]
[93, 92]
[92, 99]
[99, 98]
[98, 97]

[0, 1]
[1, 2]
[2, 3]
[3, 4]
[4, 5]
[5, 6]
[6, 7]
[4, 14]
[14, 13]
[13, 12]
[12, 11]
[11, 10]
[10, 9]
[9, 8]
[8, 15]
[9, 24]
[24, 23]
[23, 22]
[22, 21]
[21, 20]
[20, 19]
[19, 18]
[18, 17]
[17, 16]
[16, 27]
[27, 26]
[26, 25]
[19, 28]
[28, 29]
[29, 30]
[30, 31]
[31, 32]
[32, 33]
[33, 34]
[34, 35]
[35, 36]
[36, 37]
[37, 38]
[33, 41]
[41, 40]
[40, 39]
[39, 46]
[46, 45]
[45, 44]
[44, 43]
[43, 42]
[42, 54]
[54, 53]
[53, 52]
[52, 51]
[51, 50]
[50, 49]
[49, 48]
[54, 55]
[55, 56]
[56, 57]
[55, 60]
[60, 59]
[59, 58]
[58, 69]
[69, 68]
[68, 67]
[67, 66]
[66, 65]
[65, 64]
[64, 63]
[63, 62]
[62, 61]
[69, 73]
[73, 72]
[72, 71]
[71, 70]
[70, 81]
[81, 80]
[80, 79]
[79, 78]
[78, 77]
[77, 76]
[76, 75]
[75, 74]
[77, 85]
[85, 84]
[84, 83]
[83, 82]
[82, 91]
[91, 90]
[90, 89]
[89, 88]
[88, 87]
[87, 86]
[89, 96]
[96, 95]
[95, 94]
[94, 93]
[93, 92]
[92, 99]
[99, 98]
[98, 97]

[0, 1]
[1, 2]
[2, 3]
[3, 4]
[4, 5]
[5, 6]
[6, 7]
[4, 14]
[14, 13]
[13, 12]
[12, 11]
[11, 10]
[10, 9]
[9, 8]
[8, 15]
[9, 24]
[24, 23]
[23, 22]
[22, 21]
[21, 20]
[20, 19]
[19, 18]
[18, 17]
[17, 16]
[16, 27]
[27, 26]
[26, 25]
[19, 28]
[28, 29]
[29, 30]
[30, 31]
[31, 32]
[32, 33]
[33, 34]
[34, 35]
[35, 36]
[36, 37]
[37, 38]
[33, 41]
[41, 40]
[40, 39]
[39, 46]
[46, 45]
[45, 44]
[44, 43]
[43, 42]
[42, 54]
[54, 53]
[53, 52]
[52, 51]
[51, 50]
[50, 49]
[54, 55]
[55, 56]
[56, 57]
[57, 47]
[55, 60]
[60, 59]
[59, 58]
[58, 69]
[69, 68]
[68, 67]
[67, 66]
[66, 65]
[65, 64]
[64, 63]
[63, 62]
[62, 61]
[69, 73]
[73, 72]
[72, 71]
[71, 70]
[70, 81]
[81, 80]
[80, 79]
[79, 78]
[78, 77]
[77, 76]
[76, 75]
[75, 74]
[77, 85]
[85, 84]
[84, 83]
[83, 82]
[82, 91]
[91, 90]
[90, 89]
[89, 88]
[88, 87]
[87, 86]
[89, 96]
[96, 95]
[95, 94]
[94, 93]
[93, 92]
[92, 99]
[99, 98]
[98, 97]

[0, 1]
[1, 2]
[2, 3]
[3, 4]
[4, 5]
[5, 6]
[6, 7]
[4, 14]
[14, 13]
[13, 12]
[12, 11]
[11, 10]
[10, 9]
[9, 8]
[8, 15]
[9, 24]
[24, 23]
[23, 22]
[22, 21]
[21, 20]
[20, 19]
[19, 18]
[18, 17]
[17, 16]
[16, 27]
[27, 26]
[26, 25]
[19, 28]
[28, 29]
[29, 30]
[30, 31]
[31, 32]
[32, 33]
[33, 34]
[34, 35]
[35, 36]
[36, 37]
[37, 38]
[33, 41]
[41, 40]
[40, 39]
[39, 46]
[46, 45]
[45, 44]
[44, 43]
[43, 42]
[42, 54]
[54, 53]
[53, 52]
[52, 51]
[51, 50]
[54, 55]
[55, 56]
[56, 57]
[57, 47]
[47, 48]
[55, 60]
[60, 59]
[59, 58]
[58, 69]
[69, 68]
[68, 67]
[67, 66]
[66, 65]
[65, 64]
[64, 63]
[63, 62]
[62, 61]
[69, 73]
[73, 72]
[72, 71]
[71, 70]
[70, 81]
[81, 80]
[80, 79]
[79, 78]
[78, 77]
[77, 76]
[76, 75]
[75, 74]
[77, 85]
[85, 84]
[84, 83]
[83, 82]
[82, 91]
[91, 90]
[90, 89]
[89, 88]
[88, 87]
[87, 86]
[89, 96]
[96, 95]
[95, 94]
[94, 93]
[93, 92]
[92, 99]
[99, 98]
[98, 97]

[0, 1]
[1, 2]
[2, 3]
[3, 4]
[4, 5]
[5, 6]
[6, 7]
[4, 14]
[14, 13]
[13, 12]
[12, 11]
[11, 10]
[10, 9]
[9, 8]
[8, 15]
[9, 24]
[24, 23]
[23, 22]
[22, 21]
[21, 20]
[20, 19]
[19, 18]
[18, 17]
[17, 16]
[16, 27]
[27, 26]
[26, 25]
[19, 28]
[28, 29]
[29, 30]
[30, 31]
[31, 32]
[32, 33]
[33, 34]
[34, 35]
[35, 36]
[36, 37]
[37, 38]
[33, 41]
[41, 40]
[40, 39]
[39, 46]
[46, 45]
[45, 44]
[44, 43]
[43, 42]
[42, 54]
[54, 53]
[53, 52]
[52, 51]
[54, 55]
[55, 56]
[56, 57]
[57, 47]
[47, 48]
[48, 49]
[55, 60]
[60, 59]
[59, 58]
[58, 69]
[69, 68]
[68, 67]
[67, 66]
[66, 65]
[65, 64]
[64, 63]
[63, 62]
[62, 61]
[69, 73]
[73, 72]
[72, 71]
[71, 70]
[70, 81]
[81, 80]
[80, 79]
[79, 78]
[78, 77]
[77, 76]
[76, 75]
[75, 74]
[77, 85]
[85, 84]
[84, 83]
[83, 82]
[82, 91]
[91, 90]
[90, 89]
[89, 88]
[88, 87]
[87, 86]
[89, 96]
[96, 95]
[95, 94]
[94, 93]
[93, 92]
[92, 99]
[99, 98]
[98, 97]

[0, 1]
[1, 2]
[2, 3]
[3, 4]
[4, 5]
[5, 6]
[6, 7]
[4, 14]
[14, 13]
[13, 12]
[12, 11]
[11, 10]
[10, 9]
[9, 8]
[8, 15]
[9, 24]
[24, 23]
[23, 22]
[22, 21]
[21, 20]
[20, 19]
[19, 18]
[18, 17]
[17, 16]
[16, 27]
[27, 26]
[26, 25]
[19, 28]
[28, 29]
[29, 30]
[30, 31]
[31, 32]
[32, 33]
[33, 34]
[34, 35]
[35, 36]
[36, 37]
[37, 38]
[33, 41]
[41, 40]
[40, 39]
[39, 46]
[46, 45]
[45, 44]
[44, 43]
[43, 42]
[42, 54]
[54, 53]
[53, 52]
[54, 55]
[55, 56]
[56, 57]
[57, 47]
[47, 48]
[48, 49]
[49, 50]
[55, 60]
[60, 59]
[59, 58]
[58, 69]
[69, 68]
[68, 67]
[67, 66]
[66, 65]
[65, 64]
[64, 63]
[63, 62]
[62, 61]
[69, 73]
[73, 72]
[72, 71]
[71, 70]
[70, 81]
[81, 80]
[80, 79]
[79, 78]
[78, 77]
[77, 76]
[76, 75]
[75, 74]
[77, 85]
[85, 84]
[84, 83]
[83, 82]
[82, 91]
[91, 90]
[90, 89]
[89, 88]
[88, 87]
[87, 86]
[89, 96]
[96, 95]
[95, 94]
[94, 93]
[93, 92]
[92, 99]
[99, 98]
[98, 97]

[0, 1]
[1, 2]
[2, 3]
[3, 4]
[4, 5]
[5, 6]
[6, 7]
[4, 14]
[14, 13]
[13, 12]
[12, 11]
[11, 10]
[10, 9]
[9, 8]
[8, 15]
[9, 24]
[24, 23]
[23, 22]
[22, 21]
[21, 20]
[20, 19]
[19, 18]
[18, 17]
[17, 16]
[16, 27]
[27, 26]
[26, 25]
[19, 28]
[28, 29]
[29, 30]
[30, 31]
[31, 32]
[32, 33]
[33, 34]
[34, 35]
[35, 36]
[36, 37]
[37, 38]
[33, 41]
[41, 40]
[40, 39]
[39, 46]
[46, 45]
[45, 44]
[44, 43]
[43, 42]
[42, 54]
[54, 53]
[54, 55]
[55, 56]
[56, 57]
[57, 47]
[47, 48]
[48, 49]
[49, 50]
[50, 51]
[55, 60]
[60, 59]
[59, 58]
[58, 69]
[69, 68]
[68, 67]
[67, 66]
[66, 65]
[65, 64]
[64, 63]
[63, 62]
[62, 61]
[69, 73]
[73, 72]
[72, 71]
[71, 70]
[70, 81]
[81, 80]
[80, 79]
[79, 78]
[78, 77]
[77, 76]
[76, 75]
[75, 74]
[77, 85]
[85, 84]
[84, 83]
[83, 82]
[82, 91]
[91, 90]
[90, 89]
[89, 88]
[88, 87]
[87, 86]
[89, 96]
[96, 95]
[95, 94]
[94, 93]
[93, 92]
[92, 99]
[99, 98]
[98, 97]

[0, 1]
[1, 2]
[2, 3]
[3, 4]
[4, 5]
[5, 6]
[6, 7]
[4, 14]
[14, 13]
[13, 12]
[12, 11]
[11, 10]
[10, 9]
[9, 8]
[8, 15]
[9, 24]
[24, 23]
[23, 22]
[22, 21]
[21, 20]
[20, 19]
[19, 18]
[18, 17]
[17, 16]
[16, 27]
[27, 26]
[26, 25]
[19, 28]
[28, 29]
[29, 30]
[30, 31]
[31, 32]
[32, 33]
[33, 34]
[34, 35]
[35, 36]
[36, 37]
[37, 38]
[33, 41]
[41, 40]
[40, 39]
[39, 46]
[46, 45]
[45, 44]
[44, 43]
[43, 42]
[42, 54]
[54, 55]
[55, 56]
[56, 57]
[57, 47]
[47, 48]
[48, 49]
[49, 50]
[50, 51]
[51, 52]
[55, 60]
[60, 59]
[59, 58]
[58, 69]
[69, 68]
[68, 67]
[67, 66]
[66, 65]
[65, 64]
[64, 63]
[63, 62]
[62, 61]
[69, 73]
[73, 72]
[72, 71]
[71, 70]
[70, 81]
[81, 80]
[80, 79]
[79, 78]
[78, 77]
[77, 76]
[76, 75]
[75, 74]
[77, 85]
[85, 84]
[84, 83]
[83, 82]
[82, 91]
[91, 90]
[90, 89]
[89, 88]
[88, 87]
[87, 86]
[89, 96]
[96, 95]
[95, 94]
[94, 93]
[93, 92]
[92, 99]
[99, 98]
[98, 97]

[0, 1]
[1, 2]
[2, 3]
[3, 4]
[4, 5]
[5, 6]
[6, 7]
[4, 14]
[14, 13]
[13, 12]
[12, 11]
[11, 10]
[10, 9]
[9, 8]
[8, 15]
[9, 24]
[24, 23]
[23, 22]
[22, 21]
[21, 20]
[20, 19]
[19, 18]
[18, 17]
[17, 16]
[16, 27]
[27, 26]
[26, 25]
[19, 28]
[28, 29]
[29, 30]
[30, 31]
[31, 32]
[32, 33]
[33, 34]
[34, 35]
[35, 36]
[36, 37]
[37, 38]
[33, 41]
[41, 40]
[40, 39]
[39, 46]
[46, 45]
[45, 44]
[44, 43]
[43, 42]

[0, 1]
[1, 2]
[2, 3]
[3, 4]
[4, 5]
[5, 6]
[6, 7]
[4, 14]
[14, 13]
[13, 12]
[12, 11]
[11, 10]
[10, 9]
[9, 8]
[8, 15]
[9, 24]
[24, 23]
[23, 22]
[22, 21]
[21, 20]
[20, 19]
[19, 18]
[18, 17]
[17, 16]
[16, 27]
[27, 26]
[26, 25]
[19, 28]
[28, 29]
[29, 30]
[30, 31]
[31, 32]
[32, 33]
[33, 34]
[34, 35]
[35, 36]
[36, 37]
[37, 38]
[33, 41]
[41, 40]
[40, 39]
[39, 46]
[46, 45]
[45, 44]
[44, 43]
[43, 42]
[42, 54]
[54, 53]
[53, 52]
[52, 51]
[51, 50]
[50, 49]
[49, 48]
[48, 47]
[47, 57]
[57, 56]

[0, 1]
[1, 2]
[2, 3]
[3, 4]
[4, 5]
[5, 6]
[6, 7]
[4, 14]
[14, 13]
[13, 12]
[12, 11]
[11, 10]
[10, 9]
[9, 8]
[8, 15]
[9, 24]
[24, 23]
[23, 22]
[22, 21]
[21, 20]
[20, 19]
[19, 18]
[18, 17]
[17, 16]
[16, 27]
[27, 26]
[26, 25]
[19, 28]
[28, 29]
[29, 30]
[30, 31]
[31, 32]
[32, 33]
[33, 34]
[34, 35]
[35, 36]
[36, 37]
[37, 38]
[33, 41]
[41, 40]
[40, 39]
[39, 46]
[46, 45]
[45, 44]
[44, 43]
[43, 42]
[42, 54]
[54, 53]
[53, 52]
[52, 51]
[51, 50]
[50, 49]
[49, 48]
[48, 47]
[47, 57]
[54, 55]
[55, 60]
[60, 59]
[59, 58]
[58, 69]
[69, 68]
[68, 67]
[67, 66]
[66, 65]
[65, 64]
[64, 63]
[63, 62]
[62, 61]
[69, 73]
[73, 72]
[72, 71]
[71, 70]
[70, 81]
[81, 80]
[80, 79]
[79, 78]
[78, 77]
[77, 76]
[76, 75]
[75, 74]
[77, 85]
[85, 84]
[84, 83]
[83, 82]
[82, 91]
[91, 90]
[90, 89]
[89, 88]
[88, 87]
[87, 86]
[89, 96]
[96, 95]
[95, 94]
[94, 93]
[93, 92]
[92, 99]
[99, 98]
[98, 97]

[0, 1]
[1, 2]
[2, 3]
[3, 4]
[4, 5]
[5, 6]
[6, 7]
[4, 14]
[14, 13]
[13, 12]
[12, 11]
[11, 10]
[10, 9]
[9, 8]
[8, 15]
[9, 24]
[24, 23]
[23, 22]
[22, 21]
[21, 20]
[20, 19]
[19, 18]
[18, 17]
[17, 16]
[16, 27]
[27, 26]
[26, 25]
[19, 28]
[28, 29]
[29, 30]
[30, 31]
[31, 32]
[32, 33]
[33, 34]
[34, 35]
[35, 36]
[36, 37]
[37, 38]
[33, 41]
[41, 40]
[40, 39]
[39, 46]
[46, 45]
[45, 44]
[44, 43]
[43, 42]
[42, 54]
[54, 53]
[53, 52]
[52, 51]
[51, 50]
[50, 49]
[49, 48]
[48, 47]
[54, 55]
[55, 56]
[55, 60]
[60, 59]
[59, 58]
[58, 69]
[69, 68]
[68, 67]
[67, 66]
[66, 65]
[65, 64]
[64, 63]
[63, 62]
[62, 61]
[69, 73]
[73, 72]
[72, 71]
[71, 70]
[70, 81]
[81, 80]
[80, 79]
[79, 78]
[78, 77]
[77, 76]
[76, 75]
[75, 74]
[77, 85]
[85, 84]
[84, 83]
[83, 82]
[82, 91]
[91, 90]
[90, 89]
[89, 88]
[88, 87]
[87, 86]
[89, 96]
[96, 95]
[95, 94]
[94, 93]
[93, 92]
[92, 99]
[99, 98]
[98, 97]

[0, 1]
[1, 2]
[2, 3]
[3, 4]
[4, 5]
[5, 6]
[6, 7]
[4, 14]
[14, 13]
[13, 12]
[12, 11]
[11, 10]
[10, 9]
[9, 8]
[8, 15]
[9, 24]
[24, 23]
[23, 22]
[22, 21]
[21, 20]
[20, 19]
[19, 18]
[18, 17]
[17, 16]
[16, 27]
[27, 26]
[26, 25]
[19, 28]
[28, 29]
[29, 30]
[30, 31]
[31, 32]
[32, 33]
[33, 34]
[34, 35]
[35, 36]
[36, 37]
[37, 38]
[33, 41]
[41, 40]
[40, 39]
[39, 46]
[46, 45]
[45, 44]
[44, 43]
[43, 42]
[42, 54]
[54, 53]
[53, 52]
[52, 51]
[51, 50]
[50, 49]
[49, 48]
[48, 47]
[47, 57]
[57, 56]
[56, 55]
[55, 60]
[60, 59]
[60, 61]
[61, 62]
[62, 63]
[63, 64]
[64, 65]
[65, 66]
[66, 67]
[67, 68]
[68, 69]
[69, 73]
[73, 72]
[72, 71]
[71, 70]
[70, 81]
[81, 80]
[80, 79]
[79, 78]
[78, 77]
[77, 76]
[76, 75]
[75, 74]
[77, 85]
[85, 84]
[84, 83]
[83, 82]
[82, 91]
[91, 90]
[90, 89]
[89, 88]
[88, 87]
[87, 86]
[89, 96]
[96, 95]
[95, 94]
[94, 93]
[93, 92]
[92, 99]
[99, 98]
[98, 97]

[0, 1]
[1, 2]
[2, 3]
[3, 4]
[4, 5]
[5, 6]
[6, 7]
[4, 14]
[14, 13]
[13, 12]
[12, 11]
[11, 10]
[10, 9]
[9, 8]
[8, 15]
[9, 24]
[24, 23]
[23, 22]
[22, 21]
[21, 20]
[20, 19]
[19, 18]
[18, 17]
[17, 16]
[16, 27]
[27, 26]
[26, 25]
[19, 28]
[28, 29]
[29, 30]
[30, 31]
[31, 32]
[32, 33]
[33, 34]
[34, 35]
[35, 36]
[36, 37]
[37, 38]
[33, 41]
[41, 40]
[40, 39]
[39, 46]
[46, 45]
[45, 44]
[44, 43]
[43, 42]
[42, 54]
[54, 53]
[53, 52]
[52, 51]
[51, 50]
[50, 49]
[49, 48]
[48, 47]
[47, 57]
[57, 56]
[56, 55]
[55, 60]
[60, 61]
[61, 62]
[62, 63]
[63, 64]
[64, 65]
[65, 66]
[66, 67]
[67, 68]
[68, 69]
[69, 58]
[69, 73]
[73, 72]
[72, 71]
[71, 70]
[70, 81]
[81, 80]
[80, 79]
[79, 78]
[78, 77]
[77, 76]
[76, 75]
[75, 74]
[77, 85]
[85, 84]
[84, 83]
[83, 82]
[82, 91]
[91, 90]
[90, 89]
[89, 88]
[88, 87]
[87, 86]
[89, 96]
[96, 95]
[95, 94]
[94, 93]
[93, 92]
[92, 99]
[99, 98]
[98, 97]

[0, 1]
[1, 2]
[2, 3]
[3, 4]
[4, 5]
[5, 6]
[6, 7]
[4, 14]
[14, 13]
[13, 12]
[12, 11]
[11, 10]
[10, 9]
[9, 8]
[8, 15]
[9, 24]
[24, 23]
[23, 22]
[22, 21]
[21, 20]
[20, 19]
[19, 18]
[18, 17]
[17, 16]
[16, 27]
[27, 26]
[26, 25]
[19, 28]
[28, 29]
[29, 30]
[30, 31]
[31, 32]
[32, 33]
[33, 34]
[34, 35]
[35, 36]
[36, 37]
[37, 38]
[33, 41]
[41, 40]
[40, 39]
[39, 46]
[46, 45]
[45, 44]
[44, 43]
[43, 42]
[42, 54]
[54, 53]
[53, 52]
[52, 51]
[51, 50]
[50, 49]
[49, 48]
[48, 47]
[47, 57]
[57, 56]
[56, 55]

[0, 1]
[1, 2]
[2, 3]
[3, 4]
[4, 5]
[5, 6]
[6, 7]
[4, 14]
[14, 13]
[13, 12]
[12, 11]
[11, 10]
[10, 9]
[9, 8]
[8, 15]
[9, 24]
[24, 23]
[23, 22]
[22, 21]
[21, 20]
[20, 19]
[19, 18]
[18, 17]
[17, 16]
[16, 27]
[27, 26]
[26, 25]
[19, 28]
[28, 29]
[29, 30]
[30, 31]
[31, 32]
[32, 33]
[33, 34]
[34, 35]
[35, 36]
[36, 37]
[37, 38]
[33, 41]
[41, 40]
[40, 39]
[39, 46]
[46, 45]
[45, 44]
[44, 43]
[43, 42]
[42, 54]
[54, 53]
[53, 52]
[52, 51]
[51, 50]
[50, 49]
[49, 48]
[48, 47]
[47, 57]
[57, 56]
[56, 55]
[55, 60]
[60, 59]
[59, 58]
[58, 69]
[69, 68]
[68, 67]
[67, 66]
[66, 65]
[65, 64]
[64, 63]
[63, 62]
[69, 73]
[73, 72]
[72, 71]
[71, 70]
[70, 81]
[81, 80]
[80, 79]
[79, 78]
[78, 77]
[77, 76]
[76, 75]
[75, 74]
[77, 85]
[85, 84]
[84, 83]
[83, 82]
[82, 91]
[91, 90]
[90, 89]
[89, 88]
[88, 87]
[87, 86]
[89, 96]
[96, 95]
[95, 94]
[94, 93]
[93, 92]
[92, 99]
[99, 98]
[98, 97]

[0, 1]
[1, 2]
[2, 3]
[3, 4]
[4, 5]
[5, 6]
[6, 7]
[4, 14]
[14, 13]
[13, 12]
[12, 11]
[11, 10]
[10, 9]
[9, 8]
[8, 15]
[9, 24]
[24, 23]
[23, 22]
[22, 21]
[21, 20]
[20, 19]
[19, 18]
[18, 17]
[17, 16]
[16, 27]
[27, 26]
[26, 25]
[19, 28]
[28, 29]
[29, 30]
[30, 31]
[31, 32]
[32, 33]
[33, 34]
[34, 35]
[35, 36]
[36, 37]
[37, 38]
[33, 41]
[41, 40]
[40, 39]
[39, 46]
[46, 45]
[45, 44]
[44, 43]
[43, 42]
[42, 54]
[54, 53]
[53, 52]
[52, 51]
[51, 50]
[50, 49]
[49, 48]
[48, 47]
[47, 57]
[57, 56]
[56, 55]
[55, 60]
[60, 59]
[59, 58]
[58, 69]
[69, 68]
[68, 67]
[67, 66]
[66, 65]
[65, 64]
[64, 63]
[69, 73]
[73, 72]
[72, 71]
[71, 70]
[70, 81]
[81, 80]
[80, 79]
[79, 78]
[78, 77]
[77, 76]
[76, 75]
[75, 74]
[77, 85]
[85, 84]
[84, 83]
[83, 82]
[82, 91]
[91, 90]
[90, 89]
[89, 88]
[88, 87]
[87, 86]
[89, 96]
[96, 95]
[95, 94]
[94, 93]
[93, 92]
[92, 99]
[99, 98]
[98, 97]
[60, 61]

[0, 1]
[1, 2]
[2, 3]
[3, 4]
[4, 5]
[5, 6]
[6, 7]
[4, 14]
[14, 13]
[13, 12]
[12, 11]
[11, 10]
[10, 9]
[9, 8]
[8, 15]
[9, 24]
[24, 23]
[23, 22]
[22, 21]
[21, 20]
[20, 19]
[19, 18]
[18, 17]
[17, 16]
[16, 27]
[27, 26]
[26, 25]
[19, 28]
[28, 29]
[29, 30]
[30, 31]
[31, 32]
[32, 33]
[33, 34]
[34, 35]
[35, 36]
[36, 37]
[37, 38]
[33, 41]
[41, 40]
[40, 39]
[39, 46]
[46, 45]
[45, 44]
[44, 43]
[43, 42]
[42, 54]
[54, 53]
[53, 52]
[52, 51]
[51, 50]
[50, 49]
[49, 48]
[48, 47]
[47, 57]
[57, 56]
[56, 55]
[55, 60]
[60, 59]
[59, 58]
[58, 69]
[69, 68]
[68, 67]
[67, 66]
[66, 65]
[65, 64]
[69, 73]
[73, 72]
[72, 71]
[71, 70]
[70, 81]
[81, 80]
[80, 79]
[79, 78]
[78, 77]
[77, 76]
[76, 75]
[75, 74]
[77, 85]
[85, 84]
[84, 83]
[83, 82]
[82, 91]
[91, 90]
[90, 89]
[89, 88]
[88, 87]
[87, 86]
[89, 96]
[96, 95]
[95, 94]
[94, 93]
[93, 92]
[92, 99]
[99, 98]
[98, 97]
[60, 61]
[61, 62]

[0, 1]
[1, 2]
[2, 3]
[3, 4]
[4, 5]
[5, 6]
[6, 7]
[4, 14]
[14, 13]
[13, 12]
[12, 11]
[11, 10]
[10, 9]
[9, 8]
[8, 15]
[9, 24]
[24, 23]
[23, 22]
[22, 21]
[21, 20]
[20, 19]
[19, 18]
[18, 17]
[17, 16]
[16, 27]
[27, 26]
[26, 25]
[19, 28]
[28, 29]
[29, 30]
[30, 31]
[31, 32]
[32, 33]
[33, 34]
[34, 35]
[35, 36]
[36, 37]
[37, 38]
[33, 41]
[41, 40]
[40, 39]
[39, 46]
[46, 45]
[45, 44]
[44, 43]
[43, 42]
[42, 54]
[54, 53]
[53, 52]
[52, 51]
[51, 50]
[50, 49]
[49, 48]
[48, 47]
[47, 57]
[57, 56]
[56, 55]
[55, 60]
[60, 59]
[59, 58]
[58, 69]
[69, 68]
[68, 67]
[67, 66]
[66, 65]
[69, 73]
[73, 72]
[72, 71]
[71, 70]
[70, 81]
[81, 80]
[80, 79]
[79, 78]
[78, 77]
[77, 76]
[76, 75]
[75, 74]
[77, 85]
[85, 84]
[84, 83]
[83, 82]
[82, 91]
[91, 90]
[90, 89]
[89, 88]
[88, 87]
[87, 86]
[89, 96]
[96, 95]
[95, 94]
[94, 93]
[93, 92]
[92, 99]
[99, 98]
[98, 97]
[60, 61]
[61, 62]
[62, 63]

[0, 1]
[1, 2]
[2, 3]
[3, 4]
[4, 5]
[5, 6]
[6, 7]
[4, 14]
[14, 13]
[13, 12]
[12, 11]
[11, 10]
[10, 9]
[9, 8]
[8, 15]
[9, 24]
[24, 23]
[23, 22]
[22, 21]
[21, 20]
[20, 19]
[19, 18]
[18, 17]
[17, 16]
[16, 27]
[27, 26]
[26, 25]
[19, 28]
[28, 29]
[29, 30]
[30, 31]
[31, 32]
[32, 33]
[33, 34]
[34, 35]
[35, 36]
[36, 37]
[37, 38]
[33, 41]
[41, 40]
[40, 39]
[39, 46]
[46, 45]
[45, 44]
[44, 43]
[43, 42]
[42, 54]
[54, 53]
[53, 52]
[52, 51]
[51, 50]
[50, 49]
[49, 48]
[48, 47]
[47, 57]
[57, 56]
[56, 55]
[55, 60]
[60, 59]
[59, 58]
[58, 69]
[69, 68]
[68, 67]
[67, 66]
[69, 73]
[73, 72]
[72, 71]
[71, 70]
[70, 81]
[81, 80]
[80, 79]
[79, 78]
[78, 77]
[77, 76]
[76, 75]
[75, 74]
[77, 85]
[85, 84]
[84, 83]
[83, 82]
[82, 91]
[91, 90]
[90, 89]
[89, 88]
[88, 87]
[87, 86]
[89, 96]
[96, 95]
[95, 94]
[94, 93]
[93, 92]
[92, 99]
[99, 98]
[98, 97]
[60, 61]
[61, 62]
[62, 63]
[63, 64]

[0, 1]
[1, 2]
[2, 3]
[3, 4]
[4, 5]
[5, 6]
[6, 7]
[4, 14]
[14, 13]
[13, 12]
[12, 11]
[11, 10]
[10, 9]
[9, 8]
[8, 15]
[9, 24]
[24, 23]
[23, 22]
[22, 21]
[21, 20]
[20, 19]
[19, 18]
[18, 17]
[17, 16]
[16, 27]
[27, 26]
[26, 25]
[19, 28]
[28, 29]
[29, 30]
[30, 31]
[31, 32]
[32, 33]
[33, 34]
[34, 35]
[35, 36]
[36, 37]
[37, 38]
[33, 41]
[41, 40]
[40, 39]
[39, 46]
[46, 45]
[45, 44]
[44, 43]
[43, 42]
[42, 54]
[54, 53]
[53, 52]
[52, 51]
[51, 50]
[50, 49]
[49, 48]
[48, 47]
[47, 57]
[57, 56]
[56, 55]
[55, 60]
[60, 59]
[59, 58]
[58, 69]
[69, 68]
[68, 67]
[69, 73]
[73, 72]
[72, 71]
[71, 70]
[70, 81]
[81, 80]
[80, 79]
[79, 78]
[78, 77]
[77, 76]
[76, 75]
[75, 74]
[77, 85]
[85, 84]
[84, 83]
[83, 82]
[82, 91]
[91, 90]
[90, 89]
[89, 88]
[88, 87]
[87, 86]
[89, 96]
[96, 95]
[95, 94]
[94, 93]
[93, 92]
[92, 99]
[99, 98]
[98, 97]
[60, 61]
[61, 62]
[62, 63]
[63, 64]
[64, 65]

[0, 1]
[1, 2]
[2, 3]
[3, 4]
[4, 5]
[5, 6]
[6, 7]
[4, 14]
[14, 13]
[13, 12]
[12, 11]
[11, 10]
[10, 9]
[9, 8]
[8, 15]
[9, 24]
[24, 23]
[23, 22]
[22, 21]
[21, 20]
[20, 19]
[19, 18]
[18, 17]
[17, 16]
[16, 27]
[27, 26]
[26, 25]
[19, 28]
[28, 29]
[29, 30]
[30, 31]
[31, 32]
[32, 33]
[33, 34]
[34, 35]
[35, 36]
[36, 37]
[37, 38]
[33, 41]
[41, 40]
[40, 39]
[39, 46]
[46, 45]
[45, 44]
[44, 43]
[43, 42]
[42, 54]
[54, 53]
[53, 52]
[52, 51]
[51, 50]
[50, 49]
[49, 48]
[48, 47]
[47, 57]
[57, 56]
[56, 55]
[55, 60]
[60, 59]
[59, 58]
[58, 69]
[69, 68]
[69, 73]
[73, 72]
[72, 71]
[71, 70]
[70, 81]
[81, 80]
[80, 79]
[79, 78]
[78, 77]
[77, 76]
[76, 75]
[75, 74]
[77, 85]
[85, 84]
[84, 83]
[83, 82]
[82, 91]
[91, 90]
[90, 89]
[89, 88]
[88, 87]
[87, 86]
[89, 96]
[96, 95]
[95, 94]
[94, 93]
[93, 92]
[92, 99]
[99, 98]
[98, 97]
[60, 61]
[61, 62]
[62, 63]
[63, 64]
[64, 65]
[65, 66]

[0, 1]
[1, 2]
[2, 3]
[3, 4]
[4, 5]
[5, 6]
[6, 7]
[4, 14]
[14, 13]
[13, 12]
[12, 11]
[11, 10]
[10, 9]
[9, 8]
[8, 15]
[9, 24]
[24, 23]
[23, 22]
[22, 21]
[21, 20]
[20, 19]
[19, 18]
[18, 17]
[17, 16]
[16, 27]
[27, 26]
[26, 25]
[19, 28]
[28, 29]
[29, 30]
[30, 31]
[31, 32]
[32, 33]
[33, 34]
[34, 35]
[35, 36]
[36, 37]
[37, 38]
[33, 41]
[41, 40]
[40, 39]
[39, 46]
[46, 45]
[45, 44]
[44, 43]
[43, 42]
[42, 54]
[54, 53]
[53, 52]
[52, 51]
[51, 50]
[50, 49]
[49, 48]
[48, 47]
[47, 57]
[57, 56]
[56, 55]
[55, 60]
[60, 59]
[59, 58]
[58, 69]
[69, 73]
[73, 72]
[72, 71]
[71, 70]
[70, 81]
[81, 80]
[80, 79]
[79, 78]
[78, 77]
[77, 76]
[76, 75]
[75, 74]
[77, 85]
[85, 84]
[84, 83]
[83, 82]
[82, 91]
[91, 90]
[90, 89]
[89, 88]
[88, 87]
[87, 86]
[89, 96]
[96, 95]
[95, 94]
[94, 93]
[93, 92]
[92, 99]
[99, 98]
[98, 97]
[60, 61]
[61, 62]
[62, 63]
[63, 64]
[64, 65]
[65, 66]
[66, 67]

[0, 1]
[1, 2]
[2, 3]
[3, 4]
[4, 5]
[5, 6]
[6, 7]
[4, 14]
[14, 13]
[13, 12]
[12, 11]
[11, 10]
[10, 9]
[9, 8]
[8, 15]
[9, 24]
[24, 23]
[23, 22]
[22, 21]
[21, 20]
[20, 19]
[19, 18]
[18, 17]
[17, 16]
[16, 27]
[27, 26]
[26, 25]
[19, 28]
[28, 29]
[29, 30]
[30, 31]
[31, 32]
[32, 33]
[33, 34]
[34, 35]
[35, 36]
[36, 37]
[37, 38]
[33, 41]
[41, 40]
[40, 39]
[39, 46]
[46, 45]
[45, 44]
[44, 43]
[43, 42]
[42, 54]
[54, 53]
[53, 52]
[52, 51]
[51, 50]
[50, 49]
[49, 48]
[48, 47]
[47, 57]
[57, 56]
[56, 55]
[55, 60]
[60, 59]
[59, 58]
[60, 61]
[61, 62]
[62, 63]
[63, 64]
[64, 65]
[65, 66]
[66, 67]
[67, 68]

[0, 1]
[1, 2]
[2, 3]
[3, 4]
[4, 5]
[5, 6]
[6, 7]
[4, 14]
[14, 13]
[13, 12]
[12, 11]
[11, 10]
[10, 9]
[9, 8]
[8, 15]
[9, 24]
[24, 23]
[23, 22]
[22, 21]
[21, 20]
[20, 19]
[19, 18]
[18, 17]
[17, 16]
[16, 27]
[27, 26]
[26, 25]
[19, 28]
[28, 29]
[29, 30]
[30, 31]
[31, 32]
[32, 33]
[33, 34]
[34, 35]
[35, 36]
[36, 37]
[37, 38]
[33, 41]
[41, 40]
[40, 39]
[39, 46]
[46, 45]
[45, 44]
[44, 43]
[43, 42]
[42, 54]
[54, 53]
[53, 52]
[52, 51]
[51, 50]
[50, 49]
[49, 48]
[48, 47]
[47, 57]
[57, 56]
[56, 55]
[55, 60]
[60, 59]
[59, 58]
[58, 69]
[69, 68]
[68, 67]
[67, 66]
[66, 65]
[65, 64]
[64, 63]
[63, 62]
[62, 61]
[69, 73]
[73, 72]
[72, 71]
[73, 74]
[74, 75]
[75, 76]
[76, 77]
[77, 78]
[78, 79]
[79, 80]
[80, 81]
[77, 85]
[85, 84]
[84, 83]
[83, 82]
[82, 91]
[91, 90]
[90, 89]
[89, 88]
[88, 87]
[87, 86]
[89, 96]
[96, 95]
[95, 94]
[94, 93]
[93, 92]
[92, 99]
[99, 98]
[98, 97]

[0, 1]
[1, 2]
[2, 3]
[3, 4]
[4, 5]
[5, 6]
[6, 7]
[4, 14]
[14, 13]
[13, 12]
[12, 11]
[11, 10]
[10, 9]
[9, 8]
[8, 15]
[9, 24]
[24, 23]
[23, 22]
[22, 21]
[21, 20]
[20, 19]
[19, 18]
[18, 17]
[17, 16]
[16, 27]
[27, 26]
[26, 25]
[19, 28]
[28, 29]
[29, 30]
[30, 31]
[31, 32]
[32, 33]
[33, 34]
[34, 35]
[35, 36]
[36, 37]
[37, 38]
[33, 41]
[41, 40]
[40, 39]
[39, 46]
[46, 45]
[45, 44]
[44, 43]
[43, 42]
[42, 54]
[54, 53]
[53, 52]
[52, 51]
[51, 50]
[50, 49]
[49, 48]
[48, 47]
[47, 57]
[57, 56]
[56, 55]
[55, 60]
[60, 59]
[59, 58]
[58, 69]
[69, 68]
[68, 67]
[67, 66]
[66, 65]
[65, 64]
[64, 63]
[63, 62]
[62, 61]
[69, 73]
[73, 72]
[73, 74]
[74, 75]
[75, 76]
[76, 77]
[77, 78]
[78, 79]
[79, 80]
[80, 81]
[81, 70]
[77, 85]
[85, 84]
[84, 83]
[83, 82]
[82, 91]
[91, 90]
[90, 89]
[89, 88]
[88, 87]
[87, 86]
[89, 96]
[96, 95]
[95, 94]
[94, 93]
[93, 92]
[92, 99]
[99, 98]
[98, 97]

[0, 1]
[1, 2]
[2, 3]
[3, 4]
[4, 5]
[5, 6]
[6, 7]
[4, 14]
[14, 13]
[13, 12]
[12, 11]
[11, 10]
[10, 9]
[9, 8]
[8, 15]
[9, 24]
[24, 23]
[23, 22]
[22, 21]
[21, 20]
[20, 19]
[19, 18]
[18, 17]
[17, 16]
[16, 27]
[27, 26]
[26, 25]
[19, 28]
[28, 29]
[29, 30]
[30, 31]
[31, 32]
[32, 33]
[33, 34]
[34, 35]
[35, 36]
[36, 37]
[37, 38]
[33, 41]
[41, 40]
[40, 39]
[39, 46]
[46, 45]
[45, 44]
[44, 43]
[43, 42]
[42, 54]
[54, 53]
[53, 52]
[52, 51]
[51, 50]
[50, 49]
[49, 48]
[48, 47]
[47, 57]
[57, 56]
[56, 55]
[55, 60]
[60, 59]
[59, 58]
[58, 69]
[69, 68]
[68, 67]
[67, 66]
[66, 65]
[65, 64]
[64, 63]
[63, 62]
[62, 61]
[69, 73]
[73, 74]
[74, 75]
[75, 76]
[76, 77]
[77, 78]
[78, 79]
[79, 80]
[80, 81]
[81, 70]
[70, 71]
[77, 85]
[85, 84]
[84, 83]
[83, 82]
[82, 91]
[91, 90]
[90, 89]
[89, 88]
[88, 87]
[87, 86]
[89, 96]
[96, 95]
[95, 94]
[94, 93]
[93, 92]
[92, 99]
[99, 98]
[98, 97]

[0, 1]
[1, 2]
[2, 3]
[3, 4]
[4, 5]
[5, 6]
[6, 7]
[4, 14]
[14, 13]
[13, 12]
[12, 11]
[11, 10]
[10, 9]
[9, 8]
[8, 15]
[9, 24]
[24, 23]
[23, 22]
[22, 21]
[21, 20]
[20, 19]
[19, 18]
[18, 17]
[17, 16]
[16, 27]
[27, 26]
[26, 25]
[19, 28]
[28, 29]
[29, 30]
[30, 31]
[31, 32]
[32, 33]
[33, 34]
[34, 35]
[35, 36]
[36, 37]
[37, 38]
[33, 41]
[41, 40]
[40, 39]
[39, 46]
[46, 45]
[45, 44]
[44, 43]
[43, 42]
[42, 54]
[54, 53]
[53, 52]
[52, 51]
[51, 50]
[50, 49]
[49, 48]
[48, 47]
[47, 57]
[57, 56]
[56, 55]
[55, 60]
[60, 59]
[59, 58]
[58, 69]
[69, 68]
[68, 67]
[67, 66]
[66, 65]
[65, 64]
[64, 63]
[63, 62]
[62, 61]

[0, 1]
[1, 2]
[2, 3]
[3, 4]
[4, 5]
[5, 6]
[6, 7]
[4, 14]
[14, 13]
[13, 12]
[12, 11]
[11, 10]
[10, 9]
[9, 8]
[8, 15]
[9, 24]
[24, 23]
[23, 22]
[22, 21]
[21, 20]
[20, 19]
[19, 18]
[18, 17]
[17, 16]
[16, 27]
[27, 26]
[26, 25]
[19, 28]
[28, 29]
[29, 30]
[30, 31]
[31, 32]
[32, 33]
[33, 34]
[34, 35]
[35, 36]
[36, 37]
[37, 38]
[33, 41]
[41, 40]
[40, 39]
[39, 46]
[46, 45]
[45, 44]
[44, 43]
[43, 42]
[42, 54]
[54, 53]
[53, 52]
[52, 51]
[51, 50]
[50, 49]
[49, 48]
[48, 47]
[47, 57]
[57, 56]
[56, 55]
[55, 60]
[60, 59]
[59, 58]
[58, 69]
[69, 68]
[68, 67]
[67, 66]
[66, 65]
[65, 64]
[64, 63]
[63, 62]
[62, 61]
[69, 73]
[73, 72]
[72, 71]
[71, 70]
[70, 81]
[81, 80]
[80, 79]
[79, 78]
[78, 77]
[77, 76]
[76, 75]
[77, 85]
[85, 84]
[84, 83]
[83, 82]
[82, 91]
[91, 90]
[90, 89]
[89, 88]
[88, 87]
[87, 86]
[89, 96]
[96, 95]
[95, 94]
[94, 93]
[93, 92]
[92, 99]
[99, 98]
[98, 97]

[0, 1]
[1, 2]
[2, 3]
[3, 4]
[4, 5]
[5, 6]
[6, 7]
[4, 14]
[14, 13]
[13, 12]
[12, 11]
[11, 10]
[10, 9]
[9, 8]
[8, 15]
[9, 24]
[24, 23]
[23, 22]
[22, 21]
[21, 20]
[20, 19]
[19, 18]
[18, 17]
[17, 16]
[16, 27]
[27, 26]
[26, 25]
[19, 28]
[28, 29]
[29, 30]
[30, 31]
[31, 32]
[32, 33]
[33, 34]
[34, 35]
[35, 36]
[36, 37]
[37, 38]
[33, 41]
[41, 40]
[40, 39]
[39, 46]
[46, 45]
[45, 44]
[44, 43]
[43, 42]
[42, 54]
[54, 53]
[53, 52]
[52, 51]
[51, 50]
[50, 49]
[49, 48]
[48, 47]
[47, 57]
[57, 56]
[56, 55]
[55, 60]
[60, 59]
[59, 58]
[58, 69]
[69, 68]
[68, 67]
[67, 66]
[66, 65]
[65, 64]
[64, 63]
[63, 62]
[62, 61]
[69, 73]
[73, 72]
[72, 71]
[71, 70]
[70, 81]
[81, 80]
[80, 79]
[79, 78]
[78, 77]
[77, 76]
[77, 85]
[85, 84]
[84, 83]
[83, 82]
[82, 91]
[91, 90]
[90, 89]
[89, 88]
[88, 87]
[87, 86]
[89, 96]
[96, 95]
[95, 94]
[94, 93]
[93, 92]
[92, 99]
[99, 98]
[98, 97]
[73, 74]

[0, 1]
[1, 2]
[2, 3]
[3, 4]
[4, 5]
[5, 6]
[6, 7]
[4, 14]
[14, 13]
[13, 12]
[12, 11]
[11, 10]
[10, 9]
[9, 8]
[8, 15]
[9, 24]
[24, 23]
[23, 22]
[22, 21]
[21, 20]
[20, 19]
[19, 18]
[18, 17]
[17, 16]
[16, 27]
[27, 26]
[26, 25]
[19, 28]
[28, 29]
[29, 30]
[30, 31]
[31, 32]
[32, 33]
[33, 34]
[34, 35]
[35, 36]
[36, 37]
[37, 38]
[33, 41]
[41, 40]
[40, 39]
[39, 46]
[46, 45]
[45, 44]
[44, 43]
[43, 42]
[42, 54]
[54, 53]
[53, 52]
[52, 51]
[51, 50]
[50, 49]
[49, 48]
[48, 47]
[47, 57]
[57, 56]
[56, 55]
[55, 60]
[60, 59]
[59, 58]
[58, 69]
[69, 68]
[68, 67]
[67, 66]
[66, 65]
[65, 64]
[64, 63]
[63, 62]
[62, 61]
[69, 73]
[73, 72]
[72, 71]
[71, 70]
[70, 81]
[81, 80]
[80, 79]
[79, 78]
[78, 77]
[77, 85]
[85, 84]
[84, 83]
[83, 82]
[82, 91]
[91, 90]
[90, 89]
[89, 88]
[88, 87]
[87, 86]
[89, 96]
[96, 95]
[95, 94]
[94, 93]
[93, 92]
[92, 99]
[99, 98]
[98, 97]
[73, 74]
[74, 75]

[0, 1]
[1, 2]
[2, 3]
[3, 4]
[4, 5]
[5, 6]
[6, 7]
[4, 14]
[14, 13]
[13, 12]
[12, 11]
[11, 10]
[10, 9]
[9, 8]
[8, 15]
[9, 24]
[24, 23]
[23, 22]
[22, 21]
[21, 20]
[20, 19]
[19, 18]
[18, 17]
[17, 16]
[16, 27]
[27, 26]
[26, 25]
[19, 28]
[28, 29]
[29, 30]
[30, 31]
[31, 32]
[32, 33]
[33, 34]
[34, 35]
[35, 36]
[36, 37]
[37, 38]
[33, 41]
[41, 40]
[40, 39]
[39, 46]
[46, 45]
[45, 44]
[44, 43]
[43, 42]
[42, 54]
[54, 53]
[53, 52]
[52, 51]
[51, 50]
[50, 49]
[49, 48]
[48, 47]
[47, 57]
[57, 56]
[56, 55]
[55, 60]
[60, 59]
[59, 58]
[58, 69]
[69, 68]
[68, 67]
[67, 66]
[66, 65]
[65, 64]
[64, 63]
[63, 62]
[62, 61]
[69, 73]
[73, 72]
[72, 71]
[71, 70]
[70, 81]
[81, 80]
[80, 79]
[79, 78]
[73, 74]
[74, 75]
[75, 76]

[0, 1]
[1, 2]
[2, 3]
[3, 4]
[4, 5]
[5, 6]
[6, 7]
[4, 14]
[14, 13]
[13, 12]
[12, 11]
[11, 10]
[10, 9]
[9, 8]
[8, 15]
[9, 24]
[24, 23]
[23, 22]
[22, 21]
[21, 20]
[20, 19]
[19, 18]
[18, 17]
[17, 16]
[16, 27]
[27, 26]
[26, 25]
[19, 28]
[28, 29]
[29, 30]
[30, 31]
[31, 32]
[32, 33]
[33, 34]
[34, 35]
[35, 36]
[36, 37]
[37, 38]
[33, 41]
[41, 40]
[40, 39]
[39, 46]
[46, 45]
[45, 44]
[44, 43]
[43, 42]
[42, 54]
[54, 53]
[53, 52]
[52, 51]
[51, 50]
[50, 49]
[49, 48]
[48, 47]
[47, 57]
[57, 56]
[56, 55]
[55, 60]
[60, 59]
[59, 58]
[58, 69]
[69, 68]
[68, 67]
[67, 66]
[66, 65]
[65, 64]
[64, 63]
[63, 62]
[62, 61]
[69, 73]
[73, 72]
[72, 71]
[71, 70]
[70, 81]
[81, 80]
[80, 79]
[73, 74]
[74, 75]
[75, 76]
[76, 77]
[77, 85]
[85, 84]
[84, 83]
[83, 82]
[82, 91]
[91, 90]
[90, 89]
[89, 88]
[88, 87]
[87, 86]
[89, 96]
[96, 95]
[95, 94]
[94, 93]
[93, 92]
[92, 99]
[99, 98]
[98, 97]

[0, 1]
[1, 2]
[2, 3]
[3, 4]
[4, 5]
[5, 6]
[6, 7]
[4, 14]
[14, 13]
[13, 12]
[12, 11]
[11, 10]
[10, 9]
[9, 8]
[8, 15]
[9, 24]
[24, 23]
[23, 22]
[22, 21]
[21, 20]
[20, 19]
[19, 18]
[18, 17]
[17, 16]
[16, 27]
[27, 26]
[26, 25]
[19, 28]
[28, 29]
[29, 30]
[30, 31]
[31, 32]
[32, 33]
[33, 34]
[34, 35]
[35, 36]
[36, 37]
[37, 38]
[33, 41]
[41, 40]
[40, 39]
[39, 46]
[46, 45]
[45, 44]
[44, 43]
[43, 42]
[42, 54]
[54, 53]
[53, 52]
[52, 51]
[51, 50]
[50, 49]
[49, 48]
[48, 47]
[47, 57]
[57, 56]
[56, 55]
[55, 60]
[60, 59]
[59, 58]
[58, 69]
[69, 68]
[68, 67]
[67, 66]
[66, 65]
[65, 64]
[64, 63]
[63, 62]
[62, 61]
[69, 73]
[73, 72]
[72, 71]
[71, 70]
[70, 81]
[81, 80]
[73, 74]
[74, 75]
[75, 76]
[76, 77]
[77, 78]
[77, 85]
[85, 84]
[84, 83]
[83, 82]
[82, 91]
[91, 90]
[90, 89]
[89, 88]
[88, 87]
[87, 86]
[89, 96]
[96, 95]
[95, 94]
[94, 93]
[93, 92]
[92, 99]
[99, 98]
[98, 97]

[0, 1]
[1, 2]
[2, 3]
[3, 4]
[4, 5]
[5, 6]
[6, 7]
[4, 14]
[14, 13]
[13, 12]
[12, 11]
[11, 10]
[10, 9]
[9, 8]
[8, 15]
[9, 24]
[24, 23]
[23, 22]
[22, 21]
[21, 20]
[20, 19]
[19, 18]
[18, 17]
[17, 16]
[16, 27]
[27, 26]
[26, 25]
[19, 28]
[28, 29]
[29, 30]
[30, 31]
[31, 32]
[32, 33]
[33, 34]
[34, 35]
[35, 36]
[36, 37]
[37, 38]
[33, 41]
[41, 40]
[40, 39]
[39, 46]
[46, 45]
[45, 44]
[44, 43]
[43, 42]
[42, 54]
[54, 53]
[53, 52]
[52, 51]
[51, 50]
[50, 49]
[49, 48]
[48, 47]
[47, 57]
[57, 56]
[56, 55]
[55, 60]
[60, 59]
[59, 58]
[58, 69]
[69, 68]
[68, 67]
[67, 66]
[66, 65]
[65, 64]
[64, 63]
[63, 62]
[62, 61]
[69, 73]
[73, 72]
[72, 71]
[71, 70]
[70, 81]
[73, 74]
[74, 75]
[75, 76]
[76, 77]
[77, 78]
[78, 79]
[77, 85]
[85, 84]
[84, 83]
[83, 82]
[82, 91]
[91, 90]
[90, 89]
[89, 88]
[88, 87]
[87, 86]
[89, 96]
[96, 95]
[95, 94]
[94, 93]
[93, 92]
[92, 99]
[99, 98]
[98, 97]

[0, 1]
[1, 2]
[2, 3]
[3, 4]
[4, 5]
[5, 6]
[6, 7]
[4, 14]
[14, 13]
[13, 12]
[12, 11]
[11, 10]
[10, 9]
[9, 8]
[8, 15]
[9, 24]
[24, 23]
[23, 22]
[22, 21]
[21, 20]
[20, 19]
[19, 18]
[18, 17]
[17, 16]
[16, 27]
[27, 26]
[26, 25]
[19, 28]
[28, 29]
[29, 30]
[30, 31]
[31, 32]
[32, 33]
[33, 34]
[34, 35]
[35, 36]
[36, 37]
[37, 38]
[33, 41]
[41, 40]
[40, 39]
[39, 46]
[46, 45]
[45, 44]
[44, 43]
[43, 42]
[42, 54]
[54, 53]
[53, 52]
[52, 51]
[51, 50]
[50, 49]
[49, 48]
[48, 47]
[47, 57]
[57, 56]
[56, 55]
[55, 60]
[60, 59]
[59, 58]
[58, 69]
[69, 68]
[68, 67]
[67, 66]
[66, 65]
[65, 64]
[64, 63]
[63, 62]
[62, 61]
[69, 73]
[73, 72]
[72, 71]
[71, 70]
[73, 74]
[74, 75]
[75, 76]
[76, 77]
[77, 78]
[78, 79]
[79, 80]
[77, 85]
[85, 84]
[84, 83]
[83, 82]
[82, 91]
[91, 90]
[90, 89]
[89, 88]
[88, 87]
[87, 86]
[89, 96]
[96, 95]
[95, 94]
[94, 93]
[93, 92]
[92, 99]
[99, 98]
[98, 97]

[0, 1]
[1, 2]
[2, 3]
[3, 4]
[4, 5]
[5, 6]
[6, 7]
[4, 14]
[14, 13]
[13, 12]
[12, 11]
[11, 10]
[10, 9]
[9, 8]
[8, 15]
[9, 24]
[24, 23]
[23, 22]
[22, 21]
[21, 20]
[20, 19]
[19, 18]
[18, 17]
[17, 16]
[16, 27]
[27, 26]
[26, 25]
[19, 28]
[28, 29]
[29, 30]
[30, 31]
[31, 32]
[32, 33]
[33, 34]
[34, 35]
[35, 36]
[36, 37]
[37, 38]
[33, 41]
[41, 40]
[40, 39]
[39, 46]
[46, 45]
[45, 44]
[44, 43]
[43, 42]
[42, 54]
[54, 53]
[53, 52]
[52, 51]
[51, 50]
[50, 49]
[49, 48]
[48, 47]
[47, 57]
[57, 56]
[56, 55]
[55, 60]
[60, 59]
[59, 58]
[58, 69]
[69, 68]
[68, 67]
[67, 66]
[66, 65]
[65, 64]
[64, 63]
[63, 62]
[62, 61]
[69, 73]
[73, 72]
[72, 71]
[71, 70]
[70, 81]
[81, 80]
[80, 79]
[79, 78]
[78, 77]
[77, 76]
[76, 75]
[75, 74]
[77, 85]
[85, 84]
[84, 83]
[85, 86]
[86, 87]
[87, 88]
[88, 89]
[89, 90]
[90, 91]
[89, 96]
[96, 95]
[95, 94]
[94, 93]
[93, 92]
[92, 99]
[99, 98]
[98, 97]

[0, 1]
[1, 2]
[2, 3]
[3, 4]
[4, 5]
[5, 6]
[6, 7]
[4, 14]
[14, 13]
[13, 12]
[12, 11]
[11, 10]
[10, 9]
[9, 8]
[8, 15]
[9, 24]
[24, 23]
[23, 22]
[22, 21]
[21, 20]
[20, 19]
[19, 18]
[18, 17]
[17, 16]
[16, 27]
[27, 26]
[26, 25]
[19, 28]
[28, 29]
[29, 30]
[30, 31]
[31, 32]
[32, 33]
[33, 34]
[34, 35]
[35, 36]
[36, 37]
[37, 38]
[33, 41]
[41, 40]
[40, 39]
[39, 46]
[46, 45]
[45, 44]
[44, 43]
[43, 42]
[42, 54]
[54, 53]
[53, 52]
[52, 51]
[51, 50]
[50, 49]
[49, 48]
[48, 47]
[47, 57]
[57, 56]
[56, 55]
[55, 60]
[60, 59]
[59, 58]
[58, 69]
[69, 68]
[68, 67]
[67, 66]
[66, 65]
[65, 64]
[64, 63]
[63, 62]
[62, 61]
[69, 73]
[73, 72]
[72, 71]
[71, 70]
[70, 81]
[81, 80]
[80, 79]
[79, 78]
[78, 77]
[77, 76]
[76, 75]
[75, 74]
[77, 85]
[85, 84]
[85, 86]
[86, 87]
[87, 88]
[88, 89]
[89, 90]
[90, 91]
[91, 82]
[89, 96]
[96, 95]
[95, 94]
[94, 93]
[93, 92]
[92, 99]
[99, 98]
[98, 97]

[0, 1]
[1, 2]
[2, 3]
[3, 4]
[4, 5]
[5, 6]
[6, 7]
[4, 14]
[14, 13]
[13, 12]
[12, 11]
[11, 10]
[10, 9]
[9, 8]
[8, 15]
[9, 24]
[24, 23]
[23, 22]
[22, 21]
[21, 20]
[20, 19]
[19, 18]
[18, 17]
[17, 16]
[16, 27]
[27, 26]
[26, 25]
[19, 28]
[28, 29]
[29, 30]
[30, 31]
[31, 32]
[32, 33]
[33, 34]
[34, 35]
[35, 36]
[36, 37]
[37, 38]
[33, 41]
[41, 40]
[40, 39]
[39, 46]
[46, 45]
[45, 44]
[44, 43]
[43, 42]
[42, 54]
[54, 53]
[53, 52]
[52, 51]
[51, 50]
[50, 49]
[49, 48]
[48, 47]
[47, 57]
[57, 56]
[56, 55]
[55, 60]
[60, 59]
[59, 58]
[58, 69]
[69, 68]
[68, 67]
[67, 66]
[66, 65]
[65, 64]
[64, 63]
[63, 62]
[62, 61]
[69, 73]
[73, 72]
[72, 71]
[71, 70]
[70, 81]
[81, 80]
[80, 79]
[79, 78]
[78, 77]
[77, 76]
[76, 75]
[75, 74]
[77, 85]
[85, 86]
[86, 87]
[87, 88]
[88, 89]
[89, 90]
[90, 91]
[91, 82]
[82, 83]
[89, 96]
[96, 95]
[95, 94]
[94, 93]
[93, 92]
[92, 99]
[99, 98]
[98, 97]

[0, 1]
[1, 2]
[2, 3]
[3, 4]
[4, 5]
[5, 6]
[6, 7]
[4, 14]
[14, 13]
[13, 12]
[12, 11]
[11, 10]
[10, 9]
[9, 8]
[8, 15]
[9, 24]
[24, 23]
[23, 22]
[22, 21]
[21, 20]
[20, 19]
[19, 18]
[18, 17]
[17, 16]
[16, 27]
[27, 26]
[26, 25]
[19, 28]
[28, 29]
[29, 30]
[30, 31]
[31, 32]
[32, 33]
[33, 34]
[34, 35]
[35, 36]
[36, 37]
[37, 38]
[33, 41]
[41, 40]
[40, 39]
[39, 46]
[46, 45]
[45, 44]
[44, 43]
[43, 42]
[42, 54]
[54, 53]
[53, 52]
[52, 51]
[51, 50]
[50, 49]
[49, 48]
[48, 47]
[47, 57]
[57, 56]
[56, 55]
[55, 60]
[60, 59]
[59, 58]
[58, 69]
[69, 68]
[68, 67]
[67, 66]
[66, 65]
[65, 64]
[64, 63]
[63, 62]
[62, 61]
[69, 73]
[73, 72]
[72, 71]
[71, 70]
[70, 81]
[81, 80]
[80, 79]
[79, 78]
[78, 77]
[77, 76]
[76, 75]
[75, 74]

[0, 1]
[1, 2]
[2, 3]
[3, 4]
[4, 5]
[5, 6]
[6, 7]
[4, 14]
[14, 13]
[13, 12]
[12, 11]
[11, 10]
[10, 9]
[9, 8]
[8, 15]
[9, 24]
[24, 23]
[23, 22]
[22, 21]
[21, 20]
[20, 19]
[19, 18]
[18, 17]
[17, 16]
[16, 27]
[27, 26]
[26, 25]
[19, 28]
[28, 29]
[29, 30]
[30, 31]
[31, 32]
[32, 33]
[33, 34]
[34, 35]
[35, 36]
[36, 37]
[37, 38]
[33, 41]
[41, 40]
[40, 39]
[39, 46]
[46, 45]
[45, 44]
[44, 43]
[43, 42]
[42, 54]
[54, 53]
[53, 52]
[52, 51]
[51, 50]
[50, 49]
[49, 48]
[48, 47]
[47, 57]
[57, 56]
[56, 55]
[55, 60]
[60, 59]
[59, 58]
[58, 69]
[69, 68]
[68, 67]
[67, 66]
[66, 65]
[65, 64]
[64, 63]
[63, 62]
[62, 61]
[69, 73]
[73, 72]
[72, 71]
[71, 70]
[70, 81]
[81, 80]
[80, 79]
[79, 78]
[78, 77]
[77, 76]
[76, 75]
[75, 74]
[77, 85]
[85, 84]
[84, 83]
[83, 82]
[82, 91]
[91, 90]
[90, 89]
[89, 88]
[88, 87]
[89, 96]
[96, 95]
[95, 94]
[94, 93]
[93, 92]
[92, 99]
[99, 98]
[98, 97]

[0, 1]
[1, 2]
[2, 3]
[3, 4]
[4, 5]
[5, 6]
[6, 7]
[4, 14]
[14, 13]
[13, 12]
[12, 11]
[11, 10]
[10, 9]
[9, 8]
[8, 15]
[9, 24]
[24, 23]
[23, 22]
[22, 21]
[21, 20]
[20, 19]
[19, 18]
[18, 17]
[17, 16]
[16, 27]
[27, 26]
[26, 25]
[19, 28]
[28, 29]
[29, 30]
[30, 31]
[31, 32]
[32, 33]
[33, 34]
[34, 35]
[35, 36]
[36, 37]
[37, 38]
[33, 41]
[41, 40]
[40, 39]
[39, 46]
[46, 45]
[45, 44]
[44, 43]
[43, 42]
[42, 54]
[54, 53]
[53, 52]
[52, 51]
[51, 50]
[50, 49]
[49, 48]
[48, 47]
[47, 57]
[57, 56]
[56, 55]
[55, 60]
[60, 59]
[59, 58]
[58, 69]
[69, 68]
[68, 67]
[67, 66]
[66, 65]
[65, 64]
[64, 63]
[63, 62]
[62, 61]
[69, 73]
[73, 72]
[72, 71]
[71, 70]
[70, 81]
[81, 80]
[80, 79]
[79, 78]
[78, 77]
[77, 76]
[76, 75]
[75, 74]
[77, 85]
[85, 84]
[84, 83]
[83, 82]
[82, 91]
[91, 90]
[90, 89]
[89, 88]
[89, 96]
[96, 95]
[95, 94]
[94, 93]
[93, 92]
[92, 99]
[99, 98]
[98, 97]
[85, 86]

[0, 1]
[1, 2]
[2, 3]
[3, 4]
[4, 5]
[5, 6]
[6, 7]
[4, 14]
[14, 13]
[13, 12]
[12, 11]
[11, 10]
[10, 9]
[9, 8]
[8, 15]
[9, 24]
[24, 23]
[23, 22]
[22, 21]
[21, 20]
[20, 19]
[19, 18]
[18, 17]
[17, 16]
[16, 27]
[27, 26]
[26, 25]
[19, 28]
[28, 29]
[29, 30]
[30, 31]
[31, 32]
[32, 33]
[33, 34]
[34, 35]
[35, 36]
[36, 37]
[37, 38]
[33, 41]
[41, 40]
[40, 39]
[39, 46]
[46, 45]
[45, 44]
[44, 43]
[43, 42]
[42, 54]
[54, 53]
[53, 52]
[52, 51]
[51, 50]
[50, 49]
[49, 48]
[48, 47]
[47, 57]
[57, 56]
[56, 55]
[55, 60]
[60, 59]
[59, 58]
[58, 69]
[69, 68]
[68, 67]
[67, 66]
[66, 65]
[65, 64]
[64, 63]
[63, 62]
[62, 61]
[69, 73]
[73, 72]
[72, 71]
[71, 70]
[70, 81]
[81, 80]
[80, 79]
[79, 78]
[78, 77]
[77, 76]
[76, 75]
[75, 74]
[77, 85]
[85, 84]
[84, 83]
[83, 82]
[82, 91]
[91, 90]
[90, 89]
[89, 96]
[96, 95]
[95, 94]
[94, 93]
[93, 92]
[92, 99]
[99, 98]
[98, 97]
[85, 86]
[86, 87]

[0, 1]
[1, 2]
[2, 3]
[3, 4]
[4, 5]
[5, 6]
[6, 7]
[4, 14]
[14, 13]
[13, 12]
[12, 11]
[11, 10]
[10, 9]
[9, 8]
[8, 15]
[9, 24]
[24, 23]
[23, 22]
[22, 21]
[21, 20]
[20, 19]
[19, 18]
[18, 17]
[17, 16]
[16, 27]
[27, 26]
[26, 25]
[19, 28]
[28, 29]
[29, 30]
[30, 31]
[31, 32]
[32, 33]
[33, 34]
[34, 35]
[35, 36]
[36, 37]
[37, 38]
[33, 41]
[41, 40]
[40, 39]
[39, 46]
[46, 45]
[45, 44]
[44, 43]
[43, 42]
[42, 54]
[54, 53]
[53, 52]
[52, 51]
[51, 50]
[50, 49]
[49, 48]
[48, 47]
[47, 57]
[57, 56]
[56, 55]
[55, 60]
[60, 59]
[59, 58]
[58, 69]
[69, 68]
[68, 67]
[67, 66]
[66, 65]
[65, 64]
[64, 63]
[63, 62]
[62, 61]
[69, 73]
[73, 72]
[72, 71]
[71, 70]
[70, 81]
[81, 80]
[80, 79]
[79, 78]
[78, 77]
[77, 76]
[76, 75]
[75, 74]
[77, 85]
[85, 84]
[84, 83]
[83, 82]
[82, 91]
[91, 90]
[85, 86]
[86, 87]
[87, 88]

[0, 1]
[1, 2]
[2, 3]
[3, 4]
[4, 5]
[5, 6]
[6, 7]
[4, 14]
[14, 13]
[13, 12]
[12, 11]
[11, 10]
[10, 9]
[9, 8]
[8, 15]
[9, 24]
[24, 23]
[23, 22]
[22, 21]
[21, 20]
[20, 19]
[19, 18]
[18, 17]
[17, 16]
[16, 27]
[27, 26]
[26, 25]
[19, 28]
[28, 29]
[29, 30]
[30, 31]
[31, 32]
[32, 33]
[33, 34]
[34, 35]
[35, 36]
[36, 37]
[37, 38]
[33, 41]
[41, 40]
[40, 39]
[39, 46]
[46, 45]
[45, 44]
[44, 43]
[43, 42]
[42, 54]
[54, 53]
[53, 52]
[52, 51]
[51, 50]
[50, 49]
[49, 48]
[48, 47]
[47, 57]
[57, 56]
[56, 55]
[55, 60]
[60, 59]
[59, 58]
[58, 69]
[69, 68]
[68, 67]
[67, 66]
[66, 65]
[65, 64]
[64, 63]
[63, 62]
[62, 61]
[69, 73]
[73, 72]
[72, 71]
[71, 70]
[70, 81]
[81, 80]
[80, 79]
[79, 78]
[78, 77]
[77, 76]
[76, 75]
[75, 74]
[77, 85]
[85, 84]
[84, 83]
[83, 82]
[82, 91]
[85, 86]
[86, 87]
[87, 88]
[88, 89]
[89, 96]
[96, 95]
[95, 94]
[94, 93]
[93, 92]
[92, 99]
[99, 98]
[98, 97]

[0, 1]
[1, 2]
[2, 3]
[3, 4]
[4, 5]
[5, 6]
[6, 7]
[4, 14]
[14, 13]
[13, 12]
[12, 11]
[11, 10]
[10, 9]
[9, 8]
[8, 15]
[9, 24]
[24, 23]
[23, 22]
[22, 21]
[21, 20]
[20, 19]
[19, 18]
[18, 17]
[17, 16]
[16, 27]
[27, 26]
[26, 25]
[19, 28]
[28, 29]
[29, 30]
[30, 31]
[31, 32]
[32, 33]
[33, 34]
[34, 35]
[35, 36]
[36, 37]
[37, 38]
[33, 41]
[41, 40]
[40, 39]
[39, 46]
[46, 45]
[45, 44]
[44, 43]
[43, 42]
[42, 54]
[54, 53]
[53, 52]
[52, 51]
[51, 50]
[50, 49]
[49, 48]
[48, 47]
[47, 57]
[57, 56]
[56, 55]
[55, 60]
[60, 59]
[59, 58]
[58, 69]
[69, 68]
[68, 67]
[67, 66]
[66, 65]
[65, 64]
[64, 63]
[63, 62]
[62, 61]
[69, 73]
[73, 72]
[72, 71]
[71, 70]
[70, 81]
[81, 80]
[80, 79]
[79, 78]
[78, 77]
[77, 76]
[76, 75]
[75, 74]
[77, 85]
[85, 84]
[84, 83]
[83, 82]
[85, 86]
[86, 87]
[87, 88]
[88, 89]
[89, 90]
[89, 96]
[96, 95]
[95, 94]
[94, 93]
[93, 92]
[92, 99]
[99, 98]
[98, 97]

[0, 1]
[1, 2]
[2, 3]
[3, 4]
[4, 5]
[5, 6]
[6, 7]
[4, 14]
[14, 13]
[13, 12]
[12, 11]
[11, 10]
[10, 9]
[9, 8]
[8, 15]
[9, 24]
[24, 23]
[23, 22]
[22, 21]
[21, 20]
[20, 19]
[19, 18]
[18, 17]
[17, 16]
[16, 27]
[27, 26]
[26, 25]
[19, 28]
[28, 29]
[29, 30]
[30, 31]
[31, 32]
[32, 33]
[33, 34]
[34, 35]
[35, 36]
[36, 37]
[37, 38]
[33, 41]
[41, 40]
[40, 39]
[39, 46]
[46, 45]
[45, 44]
[44, 43]
[43, 42]
[42, 54]
[54, 53]
[53, 52]
[52, 51]
[51, 50]
[50, 49]
[49, 48]
[48, 47]
[47, 57]
[57, 56]
[56, 55]
[55, 60]
[60, 59]
[59, 58]
[58, 69]
[69, 68]
[68, 67]
[67, 66]
[66, 65]
[65, 64]
[64, 63]
[63, 62]
[62, 61]
[69, 73]
[73, 72]
[72, 71]
[71, 70]
[70, 81]
[81, 80]
[80, 79]
[79, 78]
[78, 77]
[77, 76]
[76, 75]
[75, 74]
[77, 85]
[85, 84]
[84, 83]
[83, 82]
[82, 91]
[91, 90]
[90, 89]
[89, 88]
[88, 87]
[87, 86]
[89, 96]
[96, 95]
[95, 94]
[94, 93]
[96, 97]
[97, 98]
[98, 99]

[0, 1]
[1, 2]
[2, 3]
[3, 4]
[4, 5]
[5, 6]
[6, 7]
[4, 14]
[14, 13]
[13, 12]
[12, 11]
[11, 10]
[10, 9]
[9, 8]
[8, 15]
[9, 24]
[24, 23]
[23, 22]
[22, 21]
[21, 20]
[20, 19]
[19, 18]
[18, 17]
[17, 16]
[16, 27]
[27, 26]
[26, 25]
[19, 28]
[28, 29]
[29, 30]
[30, 31]
[31, 32]
[32, 33]
[33, 34]
[34, 35]
[35, 36]
[36, 37]
[37, 38]
[33, 41]
[41, 40]
[40, 39]
[39, 46]
[46, 45]
[45, 44]
[44, 43]
[43, 42]
[42, 54]
[54, 53]
[53, 52]
[52, 51]
[51, 50]
[50, 49]
[49, 48]
[48, 47]
[47, 57]
[57, 56]
[56, 55]
[55, 60]
[60, 59]
[59, 58]
[58, 69]
[69, 68]
[68, 67]
[67, 66]
[66, 65]
[65, 64]
[64, 63]
[63, 62]
[62, 61]
[69, 73]
[73, 72]
[72, 71]
[71, 70]
[70, 81]
[81, 80]
[80, 79]
[79, 78]
[78, 77]
[77, 76]
[76, 75]
[75, 74]
[77, 85]
[85, 84]
[84, 83]
[83, 82]
[82, 91]
[91, 90]
[90, 89]
[89, 88]
[88, 87]
[87, 86]
[89, 96]
[96, 95]
[95, 94]
[96, 97]
[97, 98]
[98, 99]
[99, 92]

[0, 1]
[1, 2]
[2, 3]
[3, 4]
[4, 5]
[5, 6]
[6, 7]
[4, 14]
[14, 13]
[13, 12]
[12, 11]
[11, 10]
[10, 9]
[9, 8]
[8, 15]
[9, 24]
[24, 23]
[23, 22]
[22, 21]
[21, 20]
[20, 19]
[19, 18]
[18, 17]
[17, 16]
[16, 27]
[27, 26]
[26, 25]
[19, 28]
[28, 29]
[29, 30]
[30, 31]
[31, 32]
[32, 33]
[33, 34]
[34, 35]
[35, 36]
[36, 37]
[37, 38]
[33, 41]
[41, 40]
[40, 39]
[39, 46]
[46, 45]
[45, 44]
[44, 43]
[43, 42]
[42, 54]
[54, 53]
[53, 52]
[52, 51]
[51, 50]
[50, 49]
[49, 48]
[48, 47]
[47, 57]
[57, 56]
[56, 55]
[55, 60]
[60, 59]
[59, 58]
[58, 69]
[69, 68]
[68, 67]
[67, 66]
[66, 65]
[65, 64]
[64, 63]
[63, 62]
[62, 61]
[69, 73]
[73, 72]
[72, 71]
[71, 70]
[70, 81]
[81, 80]
[80, 79]
[79, 78]
[78, 77]
[77, 76]
[76, 75]
[75, 74]
[77, 85]
[85, 84]
[84, 83]
[83, 82]
[82, 91]
[91, 90]
[90, 89]
[89, 88]
[88, 87]
[87, 86]
[89, 96]
[96, 95]
[96, 97]
[97, 98]
[98, 99]
[99, 92]
[92, 93]

[0, 1]
[1, 2]
[2, 3]
[3, 4]
[4, 5]
[5, 6]
[6, 7]
[4, 14]
[14, 13]
[13, 12]
[12, 11]
[11, 10]
[10, 9]
[9, 8]
[8, 15]
[9, 24]
[24, 23]
[23, 22]
[22, 21]
[21, 20]
[20, 19]
[19, 18]
[18, 17]
[17, 16]
[16, 27]
[27, 26]
[26, 25]
[19, 28]
[28, 29]
[29, 30]
[30, 31]
[31, 32]
[32, 33]
[33, 34]
[34, 35]
[35, 36]
[36, 37]
[37, 38]
[33, 41]
[41, 40]
[40, 39]
[39, 46]
[46, 45]
[45, 44]
[44, 43]
[43, 42]
[42, 54]
[54, 53]
[53, 52]
[52, 51]
[51, 50]
[50, 49]
[49, 48]
[48, 47]
[47, 57]
[57, 56]
[56, 55]
[55, 60]
[60, 59]
[59, 58]
[58, 69]
[69, 68]
[68, 67]
[67, 66]
[66, 65]
[65, 64]
[64, 63]
[63, 62]
[62, 61]
[69, 73]
[73, 72]
[72, 71]
[71, 70]
[70, 81]
[81, 80]
[80, 79]
[79, 78]
[78, 77]
[77, 76]
[76, 75]
[75, 74]
[77, 85]
[85, 84]
[84, 83]
[83, 82]
[82, 91]
[91, 90]
[90, 89]
[89, 88]
[88, 87]
[87, 86]
[89, 96]
[96, 97]
[97, 98]
[98, 99]
[99, 92]
[92, 93]
[93, 94]

[0, 1]
[1, 2]
[2, 3]
[3, 4]
[4, 5]
[5, 6]
[6, 7]
[4, 14]
[14, 13]
[13, 12]
[12, 11]
[11, 10]
[10, 9]
[9, 8]
[8, 15]
[9, 24]
[24, 23]
[23, 22]
[22, 21]
[21, 20]
[20, 19]
[19, 18]
[18, 17]
[17, 16]
[16, 27]
[27, 26]
[26, 25]
[19, 28]
[28, 29]
[29, 30]
[30, 31]
[31, 32]
[32, 33]
[33, 34]
[34, 35]
[35, 36]
[36, 37]
[37, 38]
[33, 41]
[41, 40]
[40, 39]
[39, 46]
[46, 45]
[45, 44]
[44, 43]
[43, 42]
[42, 54]
[54, 53]
[53, 52]
[52, 51]
[51, 50]
[50, 49]
[49, 48]
[48, 47]
[47, 57]
[57, 56]
[56, 55]
[55, 60]
[60, 59]
[59, 58]
[58, 69]
[69, 68]
[68, 67]
[67, 66]
[66, 65]
[65, 64]
[64, 63]
[63, 62]
[62, 61]
[69, 73]
[73, 72]
[72, 71]
[71, 70]
[70, 81]
[81, 80]
[80, 79]
[79, 78]
[78, 77]
[77, 76]
[76, 75]
[75, 74]
[77, 85]
[85, 84]
[84, 83]
[83, 82]
[82, 91]
[91, 90]
[90, 89]
[89, 88]
[88, 87]
[87, 86]

[0, 1]
[1, 2]
[2, 3]
[3, 4]
[4, 5]
[5, 6]
[6, 7]
[4, 14]
[14, 13]
[13, 12]
[12, 11]
[11, 10]
[10, 9]
[9, 8]
[8, 15]
[9, 24]
[24, 23]
[23, 22]
[22, 21]
[21, 20]
[20, 19]
[19, 18]
[18, 17]
[17, 16]
[16, 27]
[27, 26]
[26, 25]
[19, 28]
[28, 29]
[29, 30]
[30, 31]
[31, 32]
[32, 33]
[33, 34]
[34, 35]
[35, 36]
[36, 37]
[37, 38]
[33, 41]
[41, 40]
[40, 39]
[39, 46]
[46, 45]
[45, 44]
[44, 43]
[43, 42]
[42, 54]
[54, 53]
[53, 52]
[52, 51]
[51, 50]
[50, 49]
[49, 48]
[48, 47]
[47, 57]
[57, 56]
[56, 55]
[55, 60]
[60, 59]
[59, 58]
[58, 69]
[69, 68]
[68, 67]
[67, 66]
[66, 65]
[65, 64]
[64, 63]
[63, 62]
[62, 61]
[69, 73]
[73, 72]
[72, 71]
[71, 70]
[70, 81]
[81, 80]
[80, 79]
[79, 78]
[78, 77]
[77, 76]
[76, 75]
[75, 74]
[77, 85]
[85, 84]
[84, 83]
[83, 82]
[82, 91]
[91, 90]
[90, 89]
[89, 88]
[88, 87]
[87, 86]
[89, 96]
[96, 95]
[95, 94]
[94, 93]
[93, 92]
[92, 99]
[99, 98]

[0, 1]
[1, 2]
[2, 3]
[3, 4]
[4, 5]
[5, 6]
[6, 7]
[4, 14]
[14, 13]
[13, 12]
[12, 11]
[11, 10]
[10, 9]
[9, 8]
[8, 15]
[9, 24]
[24, 23]
[23, 22]
[22, 21]
[21, 20]
[20, 19]
[19, 18]
[18, 17]
[17, 16]
[16, 27]
[27, 26]
[26, 25]
[19, 28]
[28, 29]
[29, 30]
[30, 31]
[31, 32]
[32, 33]
[33, 34]
[34, 35]
[35, 36]
[36, 37]
[37, 38]
[33, 41]
[41, 40]
[40, 39]
[39, 46]
[46, 45]
[45, 44]
[44, 43]
[43, 42]
[42, 54]
[54, 53]
[53, 52]
[52, 51]
[51, 50]
[50, 49]
[49, 48]
[48, 47]
[47, 57]
[57, 56]
[56, 55]
[55, 60]
[60, 59]
[59, 58]
[58, 69]
[69, 68]
[68, 67]
[67, 66]
[66, 65]
[65, 64]
[64, 63]
[63, 62]
[62, 61]
[69, 73]
[73, 72]
[72, 71]
[71, 70]
[70, 81]
[81, 80]
[80, 79]
[79, 78]
[78, 77]
[77, 76]
[76, 75]
[75, 74]
[77, 85]
[85, 84]
[84, 83]
[83, 82]
[82, 91]
[91, 90]
[90, 89]
[89, 88]
[88, 87]
[87, 86]
[89, 96]
[96, 95]
[95, 94]
[94, 93]
[93, 92]
[92, 99]
[96, 97]

[0, 1]
[1, 2]
[2, 3]
[3, 4]
[4, 5]
[5, 6]
[6, 7]
[4, 14]
[14, 13]
[13, 12]
[12, 11]
[11, 10]
[10, 9]
[9, 8]
[8, 15]
[9, 24]
[24, 23]
[23, 22]
[22, 21]
[21, 20]
[20, 19]
[19, 18]
[18, 17]
[17, 16]
[16, 27]
[27, 26]
[26, 25]
[19, 28]
[28, 29]
[29, 30]
[30, 31]
[31, 32]
[32, 33]
[33, 34]
[34, 35]
[35, 36]
[36, 37]
[37, 38]
[33, 41]
[41, 40]
[40, 39]
[39, 46]
[46, 45]
[45, 44]
[44, 43]
[43, 42]
[42, 54]
[54, 53]
[53, 52]
[52, 51]
[51, 50]
[50, 49]
[49, 48]
[48, 47]
[47, 57]
[57, 56]
[56, 55]
[55, 60]
[60, 59]
[59, 58]
[58, 69]
[69, 68]
[68, 67]
[67, 66]
[66, 65]
[65, 64]
[64, 63]
[63, 62]
[62, 61]
[69, 73]
[73, 72]
[72, 71]
[71, 70]
[70, 81]
[81, 80]
[80, 79]
[79, 78]
[78, 77]
[77, 76]
[76, 75]
[75, 74]
[77, 85]
[85, 84]
[84, 83]
[83, 82]
[82, 91]
[91, 90]
[90, 89]
[89, 88]
[88, 87]
[87, 86]
[89, 96]
[96, 95]
[95, 94]
[94, 93]
[93, 92]
[96, 97]
[97, 98]

