Componentes biconexos:
[0, 1]
[1, 2]
[2, 3]
[3, 4]
[4, 5]
[5, 6]
[6, 7]
[7, 8]
[8, 9]
[0, 11]

[0, 1]
[1, 2]
[2, 3]
[3, 4]
[4, 5]
[5, 6]
[6, 7]
[7, 8]
[8, 9]
[9, 10]
[10, 11]
[10, 19]
[19, 18]
[18, 17]
[17, 16]
[16, 15]
[15, 14]
[19, 20]
[20, 21]
[21, 12]

[0, 1]
[1, 2]
[2, 3]
[3, 4]
[4, 5]
[5, 6]
[6, 7]
[7, 8]
[8, 9]
[9, 10]
[10, 11]

[0, 1]
[1, 2]
[2, 3]
[3, 4]
[4, 5]
[5, 6]
[6, 7]
[7, 8]
[8, 9]
[9, 10]
[10, 11]
[10, 19]
[19, 18]
[18, 17]
[17, 16]
[16, 15]
[15, 14]
[14, 13]
[13, 12]
[12, 21]
[21, 20]
[13, 25]
[25, 26]
[26, 27]
[27, 28]
[28, 29]
[29, 30]
[30, 31]
[31, 22]
[22, 23]

[0, 1]
[1, 2]
[2, 3]
[3, 4]
[4, 5]
[5, 6]
[6, 7]
[7, 8]
[8, 9]
[9, 10]
[10, 11]
[10, 19]
[19, 18]
[18, 17]
[17, 16]
[16, 15]
[15, 14]
[14, 13]
[13, 12]
[12, 21]
[21, 20]

[0, 1]
[1, 2]
[2, 3]
[3, 4]
[4, 5]
[5, 6]
[6, 7]
[7, 8]
[8, 9]
[9, 10]
[10, 11]
[10, 19]
[19, 18]
[18, 17]
[17, 16]
[16, 15]
[15, 14]
[14, 13]
[13, 12]
[12, 21]
[21, 20]
[13, 25]
[25, 24]
[24, 23]
[23, 22]
[22, 31]
[31, 30]
[30, 29]
[29, 28]
[28, 27]
[27, 26]
[24, 40]
[40, 39]
[39, 38]
[38, 37]
[37, 36]
[36, 35]
[40, 41]
[41, 32]
[32, 33]

[0, 1]
[1, 2]
[2, 3]
[3, 4]
[4, 5]
[5, 6]
[6, 7]
[7, 8]
[8, 9]
[9, 10]
[10, 11]
[10, 19]
[19, 18]
[18, 17]
[17, 16]
[16, 15]
[15, 14]
[14, 13]
[13, 12]
[12, 21]
[21, 20]
[13, 25]
[25, 24]
[24, 23]
[23, 22]
[22, 31]
[31, 30]
[30, 29]
[29, 28]
[28, 27]
[27, 26]

[0, 1]
[1, 2]
[2, 3]
[3, 4]
[4, 5]
[5, 6]
[6, 7]
[7, 8]
[8, 9]
[9, 10]
[10, 11]
[10, 19]
[19, 18]
[18, 17]
[17, 16]
[16, 15]
[15, 14]
[14, 13]
[13, 12]
[12, 21]
[21, 20]
[13, 25]
[25, 24]
[24, 23]
[23, 22]
[22, 31]
[31, 30]
[30, 29]
[29, 28]
[28, 27]
[27, 26]
[24, 40]
[40, 39]
[39, 38]
[38, 37]
[37, 36]
[36, 35]
[35, 34]
[34, 33]
[33, 32]
[32, 41]

[0, 1]
[1, 2]
[2, 3]
[3, 4]
[4, 5]
[5, 6]
[6, 7]
[7, 8]
[8, 9]
[9, 10]
[10, 11]
[10, 19]
[19, 18]
[18, 17]
[17, 16]
[16, 15]
[15, 14]
[14, 13]
[13, 12]
[12, 21]
[21, 20]
[13, 25]
[25, 24]
[24, 23]
[23, 22]
[22, 31]
[31, 30]
[30, 29]
[29, 28]
[28, 27]
[27, 26]
[24, 40]
[40, 39]
[39, 38]
[38, 37]
[37, 36]
[36, 35]
[35, 34]
[34, 33]
[33, 32]
[32, 41]
[34, 49]
[49, 48]
[48, 47]
[47, 46]
[46, 45]
[45, 44]
[44, 43]
[43, 42]
[42, 52]
[52, 51]

[0, 1]
[1, 2]
[2, 3]
[3, 4]
[4, 5]
[5, 6]
[6, 7]
[7, 8]
[8, 9]
[9, 10]
[10, 11]
[10, 19]
[19, 18]
[18, 17]
[17, 16]
[16, 15]
[15, 14]
[14, 13]
[13, 12]
[12, 21]
[21, 20]
[13, 25]
[25, 24]
[24, 23]
[23, 22]
[22, 31]
[31, 30]
[30, 29]
[29, 28]
[28, 27]
[27, 26]
[24, 40]
[40, 39]
[39, 38]
[38, 37]
[37, 36]
[36, 35]
[35, 34]
[34, 33]
[33, 32]
[32, 41]
[34, 49]
[49, 48]
[48, 47]
[47, 46]
[46, 45]
[45, 44]
[44, 43]
[43, 42]
[42, 52]
[52, 51]
[51, 50]
[50, 60]
[60, 53]
[53, 54]
[54, 55]
[55, 56]
[56, 57]
[60, 59]

[0, 1]
[1, 2]
[2, 3]
[3, 4]
[4, 5]
[5, 6]
[6, 7]
[7, 8]
[8, 9]
[9, 10]
[10, 11]
[10, 19]
[19, 18]
[18, 17]
[17, 16]
[16, 15]
[15, 14]
[14, 13]
[13, 12]
[12, 21]
[21, 20]
[13, 25]
[25, 24]
[24, 23]
[23, 22]
[22, 31]
[31, 30]
[30, 29]
[29, 28]
[28, 27]
[27, 26]
[24, 40]
[40, 39]
[39, 38]
[38, 37]
[37, 36]
[36, 35]
[35, 34]
[34, 33]
[33, 32]
[32, 41]
[34, 49]
[49, 48]
[48, 47]
[47, 46]
[46, 45]
[45, 44]
[44, 43]
[43, 42]
[42, 52]
[52, 51]
[51, 50]

[0, 1]
[1, 2]
[2, 3]
[3, 4]
[4, 5]
[5, 6]
[6, 7]
[7, 8]
[8, 9]
[9, 10]
[10, 11]
[10, 19]
[19, 18]
[18, 17]
[17, 16]
[16, 15]
[15, 14]
[14, 13]
[13, 12]
[12, 21]
[21, 20]
[13, 25]
[25, 24]
[24, 23]
[23, 22]
[22, 31]
[31, 30]
[30, 29]
[29, 28]
[28, 27]
[27, 26]
[24, 40]
[40, 39]
[39, 38]
[38, 37]
[37, 36]
[36, 35]
[35, 34]
[34, 33]
[33, 32]
[32, 41]
[34, 49]
[49, 48]
[48, 47]
[47, 46]
[46, 45]
[45, 44]
[44, 43]
[43, 42]
[42, 52]
[52, 51]
[51, 50]
[50, 60]
[60, 53]
[53, 54]
[54, 55]
[55, 56]
[56, 57]
[57, 58]
[58, 59]
[58, 68]
[68, 67]
[67, 66]
[66, 65]
[65, 64]
[64, 63]
[68, 69]
[69, 70]
[70, 71]
[71, 61]

[0, 1]
[1, 2]
[2, 3]
[3, 4]
[4, 5]
[5, 6]
[6, 7]
[7, 8]
[8, 9]
[9, 10]
[10, 11]
[10, 19]
[19, 18]
[18, 17]
[17, 16]
[16, 15]
[15, 14]
[14, 13]
[13, 12]
[12, 21]
[21, 20]
[13, 25]
[25, 24]
[24, 23]
[23, 22]
[22, 31]
[31, 30]
[30, 29]
[29, 28]
[28, 27]
[27, 26]
[24, 40]
[40, 39]
[39, 38]
[38, 37]
[37, 36]
[36, 35]
[35, 34]
[34, 33]
[33, 32]
[32, 41]
[34, 49]
[49, 48]
[48, 47]
[47, 46]
[46, 45]
[45, 44]
[44, 43]
[43, 42]
[42, 52]
[52, 51]
[51, 50]
[50, 60]
[60, 53]
[53, 54]
[54, 55]
[55, 56]
[56, 57]
[57, 58]
[58, 59]

[0, 1]
[1, 2]
[2, 3]
[3, 4]
[4, 5]
[5, 6]
[6, 7]
[7, 8]
[8, 9]
[9, 10]
[10, 11]
[10, 19]
[19, 18]
[18, 17]
[17, 16]
[16, 15]
[15, 14]
[14, 13]
[13, 12]
[12, 21]
[21, 20]
[13, 25]
[25, 24]
[24, 23]
[23, 22]
[22, 31]
[31, 30]
[30, 29]
[29, 28]
[28, 27]
[27, 26]
[24, 40]
[40, 39]
[39, 38]
[38, 37]
[37, 36]
[36, 35]
[35, 34]
[34, 33]
[33, 32]
[32, 41]
[34, 49]
[49, 48]
[48, 47]
[47, 46]
[46, 45]
[45, 44]
[44, 43]
[43, 42]
[42, 52]
[52, 51]
[51, 50]
[50, 60]
[60, 53]
[53, 54]
[54, 55]
[55, 56]
[56, 57]
[57, 58]
[58, 59]
[58, 68]
[68, 67]
[67, 66]
[66, 65]
[65, 64]
[64, 63]
[63, 62]
[62, 61]
[61, 71]
[71, 70]
[70, 69]

[0, 1]
[1, 2]
[2, 3]
[3, 4]
[4, 5]
[5, 6]
[6, 7]
[7, 8]
[8, 9]
[9, 10]
[10, 11]
[10, 19]
[19, 18]
[18, 17]
[17, 16]
[16, 15]
[15, 14]
[14, 13]
[13, 12]
[12, 21]
[21, 20]
[13, 25]
[25, 24]
[24, 23]
[23, 22]
[22, 31]
[31, 30]
[30, 29]
[29, 28]
[28, 27]
[27, 26]
[24, 40]
[40, 39]
[39, 38]
[38, 37]
[37, 36]
[36, 35]
[35, 34]
[34, 33]
[33, 32]
[32, 41]
[34, 49]
[49, 48]
[48, 47]
[47, 46]
[46, 45]
[45, 44]
[44, 43]
[43, 42]
[42, 52]
[52, 51]
[51, 50]
[50, 60]
[60, 53]
[53, 54]
[54, 55]
[55, 56]
[56, 57]
[57, 58]
[58, 59]
[58, 68]
[68, 67]
[67, 66]
[66, 65]
[65, 64]
[64, 63]
[63, 62]
[62, 61]
[61, 71]
[71, 70]
[70, 69]
[62, 73]
[73, 72]
[72, 82]
[82, 81]
[81, 80]
[80, 79]
[79, 78]
[78, 77]
[73, 74]
[74, 75]

[0, 1]
[1, 2]
[2, 3]
[3, 4]
[4, 5]
[5, 6]
[6, 7]
[7, 8]
[8, 9]
[9, 10]
[10, 11]
[10, 19]
[19, 18]
[18, 17]
[17, 16]
[16, 15]
[15, 14]
[14, 13]
[13, 12]
[12, 21]
[21, 20]
[13, 25]
[25, 24]
[24, 23]
[23, 22]
[22, 31]
[31, 30]
[30, 29]
[29, 28]
[28, 27]
[27, 26]
[24, 40]
[40, 39]
[39, 38]
[38, 37]
[37, 36]
[36, 35]
[35, 34]
[34, 33]
[33, 32]
[32, 41]
[34, 49]
[49, 48]
[48, 47]
[47, 46]
[46, 45]
[45, 44]
[44, 43]
[43, 42]
[42, 52]
[52, 51]
[51, 50]
[50, 60]
[60, 53]
[53, 54]
[54, 55]
[55, 56]
[56, 57]
[57, 58]
[58, 59]
[58, 68]
[68, 67]
[67, 66]
[66, 65]
[65, 64]
[64, 63]
[63, 62]
[62, 61]
[61, 71]
[71, 70]
[70, 69]
[62, 73]
[73, 72]
[72, 82]
[82, 81]
[81, 80]
[80, 79]
[79, 78]
[78, 77]
[77, 76]
[76, 75]
[75, 74]
[76, 93]
[93, 92]
[92, 91]
[91, 90]
[90, 89]
[93, 94]
[94, 83]
[83, 84]
[84, 85]
[85, 86]
[86, 87]

[0, 1]
[1, 2]
[2, 3]
[3, 4]
[4, 5]
[5, 6]
[6, 7]
[7, 8]
[8, 9]
[9, 10]
[10, 11]
[10, 19]
[19, 18]
[18, 17]
[17, 16]
[16, 15]
[15, 14]
[14, 13]
[13, 12]
[12, 21]
[21, 20]
[13, 25]
[25, 24]
[24, 23]
[23, 22]
[22, 31]
[31, 30]
[30, 29]
[29, 28]
[28, 27]
[27, 26]
[24, 40]
[40, 39]
[39, 38]
[38, 37]
[37, 36]
[36, 35]
[35, 34]
[34, 33]
[33, 32]
[32, 41]
[34, 49]
[49, 48]
[48, 47]
[47, 46]
[46, 45]
[45, 44]
[44, 43]
[43, 42]
[42, 52]
[52, 51]
[51, 50]
[50, 60]
[60, 53]
[53, 54]
[54, 55]
[55, 56]
[56, 57]
[57, 58]
[58, 59]
[58, 68]
[68, 67]
[67, 66]
[66, 65]
[65, 64]
[64, 63]
[63, 62]
[62, 61]
[61, 71]
[71, 70]
[70, 69]
[62, 73]
[73, 72]
[72, 82]
[82, 81]
[81, 80]
[80, 79]
[79, 78]
[78, 77]
[77, 76]
[76, 75]
[75, 74]

[0, 1]
[1, 2]
[2, 3]
[3, 4]
[4, 5]
[5, 6]
[6, 7]
[7, 8]
[8, 9]
[9, 10]
[10, 11]
[10, 19]
[19, 18]
[18, 17]
[17, 16]
[16, 15]
[15, 14]
[14, 13]
[13, 12]
[12, 21]
[21, 20]
[13, 25]
[25, 24]
[24, 23]
[23, 22]
[22, 31]
[31, 30]
[30, 29]
[29, 28]
[28, 27]
[27, 26]
[24, 40]
[40, 39]
[39, 38]
[38, 37]
[37, 36]
[36, 35]
[35, 34]
[34, 33]
[33, 32]
[32, 41]
[34, 49]
[49, 48]
[48, 47]
[47, 46]
[46, 45]
[45, 44]
[44, 43]
[43, 42]
[42, 52]
[52, 51]
[51, 50]
[50, 60]
[60, 53]
[53, 54]
[54, 55]
[55, 56]
[56, 57]
[57, 58]
[58, 59]
[58, 68]
[68, 67]
[67, 66]
[66, 65]
[65, 64]
[64, 63]
[63, 62]
[62, 61]
[61, 71]
[71, 70]
[70, 69]
[62, 73]
[73, 72]
[72, 82]
[82, 81]
[81, 80]
[80, 79]
[79, 78]
[78, 77]
[77, 76]
[76, 75]
[75, 74]
[76, 93]
[93, 92]
[92, 91]
[91, 90]
[90, 89]
[89, 88]
[88, 87]
[87, 86]
[86, 85]
[85, 84]
[84, 83]
[83, 94]

