10000  1420
       0      70
       4      2061
       6      9721
       6      224
       17      3419
       26      4298
       28      8791
       33      9424
       34      1844
       36      4516
       37      4730
       38      4664
       39      5284
       40      2782
       48      8660
       57      6004
       57      3204
       58      9973
       60      1353
       62      8252
       62      3997
       64      2098
       65      469
       67      7162
       69      4821
       70      3129
       74      6057
       76      6664
       78      2119
       79      9721
       85      3155
       90      2487
       91      1723
       92      9286
       97      2530
       101      3861
       111      8791
       113      2368
       114      6509
       120      3291
       121      4040
       131      2889
       131      9453
       132      1502
       135      5624
       135      9863
       136      2805
       139      7816
       146      2374
       146      6102
       147      3026
       152      5300
       153      9103
       153      6968
       155      8961
       156      1541
       156      553
       163      9116
       166      9049
       166      6631
       169      5093
       170      5911
       172      5457
       181      349
       185      3534
       186      8897
       187      540
       202      6483
       204      1754
       207      2603
       212      9604
       217      7477
       222      2537
       222      1029
       226      2343
       242      9140
       245      4424
       246      2669
       248      2703
       250      8790
       250      2771
       252      6067
       271      7352
       275      4289
       280      6228
       283      2811
       285      8776
       287      2453
       288      2931
       294      2452
       296      5165
       303      9909
       306      3825
       314      5245
       316      5632
       324      2279
       332      4683
       334      626
       335      7554
       343      6061
       347      3289
       354      9093
       355      2795
       355      1397
       355      3414
       356      6570
       362      4496
       365      9731
       374      6526
       375      4704
       383      499
       383      3388
       385      9501
       394      5585
       394      9224
       401      7065
       406      7662
       424      3599
       424      7512
       425      6368
       427      2098
       427      9649
       433      6583
       435      2538
       439      1552
       440      925
       442      3294
       446      1507
       460      2773
       466      9019
       468      7091
       468      2562
       474      8292
       480      8827
       482      1084
       482      8811
       483      1715
       485      715
       487      1469
       492      2846
       493      519
       509      5348
       510      6354
       511      4714
       520      6699
       522      7559
       525      6104
       527      6006
       528      1627
       528      4735
       532      8716
       550      5571
       556      2447
       558      8664
       562      3692
       567      7657
       571      865
       571      8175
       572      8639
       579      9310
       584      1399
       586      9493
       587      650
       589      7404
       591      8171
       592      5914
       598      8031
       599      990
       601      1720
       605      9702
       609      1853
       610      7067
       611      5975
       625      2534
       626      6824
       628      5679
       631      7203
       642      3625
       642      698
       642      3917
       645      801
       646      7753
       648      776
       650      4285
       656      6649
       663      7864
       663      6744
       669      6565
       672      1278
       672      7026
       677      6740
       684      3399
       684      9092
       694      3200
       704      9119
       706      8970
       710      4924
       712      5233
       714      8096
       714      3187
       715      2755
       717      6968
       720      6521
       722      6028
       722      6620
       727      6677
       743      9768
       743      4961
       744      2503
       757      9620
       762      3022
       762      8954
       764      9414
       774      2731
       774      5134
       775      8813
       777      1268
       780      5604
       784      4729
       786      8931
       794      2404
       794      7243
       796      5096
       804      2618
       806      8242
       806      9764
       809      5240
       817      8225
       820      2915
       820      8969
       823      4271
       823      3428
       826      7163
       830      4923
       834      4492
       834      9590
       835      5705
       835      8677
       836      4858
       838      4655
       839      3930
       840      6687
       848      2124
       850      4789
       850      5237
       853      8272
       860      8765
       861      4406
       865      1329
       872      3492
       875      3326
       877      6543
       887      2216
       891      9973
       896      4214
       902      3462
       903      8668
       904      6623
       920      3584
       930      8143
       930      4877
       952      3342
       952      5378
       958      2717
       959      1827
       960      8791
       965      9714
       973      4309
       973      4346
       977      8896
       978      4765
       983      4207
       993      2760
       999      3477
       1003      2127
       1004      7393
       1004      7246
       1016      8680
       1032      2242
       1037      7282
       1042      3357
       1043      5409
       1043      1409
       1052      4319
       1053      6828
       1058      5258
       1058      2332
       1060      3888
       1063      1199
       1065      2428
       1067      3858
       1068      7429
       1068      4196
       1070      1459
       1075      5578
       1086      2186
       1087      7674
       1088      5893
       1092      1771
       1096      6636
       1097      8885
       1115      4720
       1115      9439
       1115      9394
       1119      6818
       1122      3444
       1126      8531
       1127      7408
       1128      2426
       1129      5771
       1141      4483
       1142      9193
       1142      7881
       1144      5863
       1153      1280
       1156      1403
       1157      9485
       1159      2392
       1160      9051
       1160      2949
       1164      3974
       1166      5903
       1166      6944
       1173      7316
       1175      4888
       1178      7759
       1195      9883
       1195      5165
       1201      7983
       1206      9751
       1207      9393
       1221      6166
       1225      2344
       1231      9083
       1233      3136
       1236      1989
       1243      9056
       1246      3519
       1246      5259
       1250      6182
       1254      5331
       1255      5377
       1261      1976
       1262      8267
       1262      6577
       1263      6829
       1265      7695
       1269      4222
       1275      5067
       1276      9871
       1285      6066
       1291      4097
       1296      1885
       1302      6019
       1305      2683
       1306      5103
       1309      9042
       1316      5380
       1320      5168
       1324      8459
       1337      1771
       1338      1554
       1338      6112
       1340      6197
       1354      6056
       1357      6463
       1357      9714
       1360      7214
       1362      4264
       1367      5001
       1369      7123
       1373      9128
       1373      7727
       1373      5356
       1378      1811
       1379      2551
       1380      5843
       1387      8844
       1388      5395
       1388      9357
       1390      1889
       1393      7791
       1409      2131
       1418      5264
       1422      5205
       1424      9594
       1431      3572
       1432      3307
       1438      4478
       1439      8681
       1440      6480
       1446      2311
       1450      6010
       1456      5722
       1457      8408
       1461      4016
       1472      9269
       1474      9190
       1475      7921
       1482      6227
       1484      4006
       1484      9892
       1491      6198
       1493      2229
       1494      6115
       1500      2626
       1504      9490
       1508      6793
       1508      1553
       1509      7740
       1514      8107
       1517      9011
       1521      2232
       1521      8361
       1522      9466
       1524      8191
       1525      3559
       1532      6967
       1538      2065
       1540      5936
       1547      8122
       1549      3273
       1574      4671
       1577      6030
       1581      6150
       1581      8091
       1585      7941
       1588      8968
       1595      7503
       1596      2928
       1598      2767
       1603      4439
       1606      3481
       1612      9023
       1612      1739
       1616      3204
       1616      9120
       1618      5735
       1621      3701
       1621      2249
       1623      3396
       1628      8930
       1631      2775
       1636      2361
       1641      8367
       1646      4584
       1655      9765
       1655      1819
       1661      2210
       1665      6528
       1670      9849
       1672      6454
       1673      3669
       1673      4502
       1680      9202
       1686      1952
       1687      8736
       1689      3198
       1693      4478
       1694      5101
       1694      4387
       1704      6456
       1713      5606
       1717      3651
       1720      3868
       1727      6552
       1731      2060
       1741      8606
       1741      5963
       1750      2937
       1750      7781
       1752      2416
       1755      4606
       1757      5895
       1759      8640
       1769      9742
       1789      2935
       1789      5892
       1794      5196
       1798      2288
       1804      9600
       1807      2004
       1809      2078
       1818      3656
       1819      2716
       1820      8789
       1821      7682
       1826      3129
       1829      5708
       1832      3423
       1833      2014
       1844      8807
       1844      8452
       1849      2389
       1850      3887
       1851      4502
       1855      3936
       1862      4286
       1879      8248
       1889      7359
       1899      7436
       1906      6763
       1909      5556
       1911      6860
       1911      2915
       1914      4426
       1921      9933
       1924      2438
       1927      3431
       1927      6347
       1931      5165
       1931      6881
       1931      2712
       1933      4074
       1943      2069
       1947      7596
       1950      7119
       1957      7224
       1972      3711
       1974      5342
       1976      8766
       1977      2206
       1981      2958
       1982      2869
       1990      5193
       1992      8898
       2001      3563
       2002      4612
       2004      3221
       2004      8140
       2013      7145
       2014      7593
       2015      3755
       2016      3114
       2018      2662
       2028      7400
       2042      7586
       2043      7982
       2044      9050
       2050      5802
       2056      2634
       2057      8588
       2058      2871
       2068      3160
       2071      9285
       2073      6718
       2074      9032
       2074      9997
       2076      4626
       2079      2196
       2080      4780
       2090      2696
       2091      7198
       2092      4784
       2093      9997
       2093      9393
       2098      8526
       2099      6623
       2100      9361
       2106      4956
       2119      2139
       2139      2213
       2142      7176
       2166      3094
       2170      5064
       2171      3962
       2179      3627
       2184      8606
       2185      8564
       2197      2749
       2198      2200
       2200      8264
       2200      4753
       2202      6612
       2205      7487
       2207      2290
       2208      3611
       2217      4166
       2223      7009
       2236      7031
       2238      5794
       2247      8734
       2252      9264
       2257      6455
       2257      5571
       2271      2453
       2272      5838
       2274      5220
       2276      6482
       2293      5800
       2295      4753
       2295      3866
       2295      6058
       2297      2722
       2298      6450
       2302      3401
       2313      2752
       2317      4317
       2323      7321
       2329      6715
       2336      4672
       2341      8697
       2343      3344
       2344      7375
       2344      9578
       2348      3462
       2352      6996
       2352      6121
       2352      5593
       2358      7199
       2362      9874
       2372      8590
       2375      3524
       2375      7140
       2382      5331
       2384      8193
       2401      9657
       2401      8719
       2401      2518
       2407      6232
       2415      9711
       2416      6046
       2419      7116
       2441      9890
       2448      8342
       2452      5288
       2453      2946
       2453      5825
       2457      9028
       2459      4015
       2462      4724
       2463      2907
       2467      6364
       2467      5004
       2468      6488
       2471      9251
       2472      9646
       2473      9807
       2486      2582
       2495      5436
       2496      4492
       2504      8222
       2506      6731
       2519      7505
       2534      5737
       2536      5329
       2540      5581
       2541      3084
       2550      4030
       2552      4499
       2557      8890
       2569      6758
       2570      5674
       2572      7058
       2572      6420
       2584      8424
       2584      5303
       2586      4948
       2591      8564
       2605      8817
       2607      6052
       2610      4225
       2611      5766
       2615      4811
       2617      9210
       2622      7001
       2622      8807
       2631      6188
       2636      6690
       2637      3539
       2637      8416
       2637      4773
       2640      9475
       2641      5594
       2644      6791
       2648      8576
       2654      4108
       2661      3674
       2661      3607
       2674      8664
       2675      5382
       2691      6538
       2691      3707
       2706      7723
       2716      7843
       2724      3716
       2729      8415
       2736      3077
       2744      3680
       2751      3715
       2751      5740
       2751      5844
       2759      5815
       2762      6031
       2764      5968
       2765      7829
       2771      8790
       2771      7618
       2771      5454
       2778      3209
       2785      7865
       2791      3621
       2794      8740
       2797      7602
       2805      5642
       2809      8020
       2824      8056
       2832      5742
       2839      9870
       2841      7554
       2853      3335
       2859      8143
       2864      5600
       2865      8062
       2866      9825
       2875      4619
       2878      6255
       2884      5620
       2893      9265
       2900      5959
       2904      5663
       2906      6185
       2910      9714
       2910      5952
       2913      6328
       2929      8371
       2931      6012
       2935      3550
       2943      3738
       2944      9208
       2969      5998
       2972      2983
       2974      9724
       2978      4118
       2985      7173
       2997      9839
       3012      3455
       3012      7448
       3019      9192
       3020      9601
       3020      8882
       3021      3276
       3025      6651
       3027      5103
       3032      5992
       3039      3956
       3041      4720
       3041      3083
       3046      9505
       3049      6146
       3050      8259
       3051      4955
       3053      8702
       3065      4328
       3067      8957
       3072      3264
       3083      5040
       3085      5241
       3086      6865
       3090      6123
       3099      5108
       3100      8737
       3102      9804
       3115      4901
       3119      8202
       3133      6235
       3166      9885
       3170      5683
       3183      7323
       3183      6706
       3187      9220
       3189      5731
       3189      3909
       3190      5925
       3196      3788
       3198      7347
       3198      9128
       3199      8200
       3207      3676
       3212      6206
       3215      9141
       3216      4599
       3219      5047
       3229      6451
       3230      8682
       3237      7119
       3240      4925
       3245      3667
       3250      8460
       3257      3573
       3262      5897
       3262      4585
       3263      3972
       3265      6667
       3265      7838
       3280      8648
       3280      5889
       3292      4233
       3318      8748
       3334      9545
       3338      6936
       3348      3847
       3351      6172
       3363      6431
       3370      9570
       3371      7311
       3377      9500
       3377      6419
       3378      5708
       3379      7361
       3382      8103
       3390      7168
       3399      4309
       3402      9416
       3413      8822
       3413      4371
       3428      9947
       3433      5079
       3445      7240
       3446      9787
       3453      7008
       3457      9533
       3466      7843
       3471      5560
       3478      7283
       3542      7656
       3550      6325
       3550      5185
       3550      8691
       3555      9491
       3555      5475
       3555      6487
       3558      6622
       3563      7534
       3566      5718
       3573      8611
       3574      6296
       3587      4975
       3588      8280
       3593      7763
       3606      8371
       3606      7565
       3609      9853
       3609      8506
       3612      6164
       3613      7134
       3615      6427
       3616      6116
       3616      5274
       3617      6123
       3618      9853
       3621      6589
       3631      6169
       3633      6273
       3634      6462
       3652      4020
       3653      8277
       3653      4797
       3672      4004
       3678      4877
       3678      4825
       3696      6419
       3696      9500
       3700      5117
       3700      5149
       3705      9273
       3706      8692
       3715      8260
       3726      4860
       3729      4749
       3744      4171
       3746      4333
       3748      4794
       3752      8226
       3769      6195
       3775      5294
       3775      5048
       3790      7465
       3804      6193
       3836      7803
       3836      6200
       3838      4309
       3844      4946
       3850      9672
       3852      4680
       3866      4551
       3872      5667
       3876      8840
       3879      9094
       3879      9039
       3882      7124
       3896      6233
       3898      6506
       3909      5038
       3912      6907
       3925      6252
       3929      6319
       3931      4857
       3933      8299
       3936      9317
       3944      8268
       3951      5265
       3955      7282
       3958      5397
       3958      7917
       3970      4825
       3972      7270
       3973      9582
       3976      4553
       3978      7044
       3986      4624
       3994      5805
       3997      7079
       4005      5420
       4008      5899
       4026      8992
       4029      6488
       4032      5731
       4037      6298
       4042      5071
       4059      7523
       4070      6172
       4076      6364
       4084      8597
       4088      6754
       4093      8695
       4109      5650
       4127      8212
       4133      8242
       4136      6239
       4139      4278
       4148      9670
       4171      4661
       4189      5082
       4191      5045
       4192      4558
       4197      8180
       4199      8768
       4201      7117
       4208      6731
       4246      8287
       4250      8353
       4251      5151
       4259      5158
       4271      9947
       4271      7297
       4275      4347
       4282      9242
       4283      4720
       4290      4664
       4317      9044
       4317      5094
       4318      9997
       4318      7469
       4319      7339
       4321      5049
       4325      7074
       4334      6386
       4344      6959
       4346      9092
       4353      5589
       4368      6360
       4370      6618
       4374      9655
       4374      7404
       4377      8161
       4378      8222
       4384      4523
       4385      6248
       4386      5388
       4401      6640
       4402      5306
       4418      4981
       4437      7268
       4461      7881
       4466      8071
       4486      6067
       4493      9938
       4497      9011
       4506      4888
       4521      7238
       4538      5576
       4543      8781
       4546      8874
       4550      8602
       4551      8264
       4561      9665
       4578      8696
       4578      5367
       4579      7986
       4592      8850
       4592      9951
       4613      9656
       4614      7318
       4638      5996
       4642      9802
       4658      5117
       4659      4691
       4661      5398
       4662      7876
       4672      6829
       4673      6325
       4681      5094
       4682      8999
       4688      8244
       4691      6004
       4691      9120
       4694      9644
       4696      6391
       4697      5879
       4701      5421
       4706      6547
       4707      9452
       4708      7360
       4712      4967
       4713      5954
       4714      8780
       4729      7243
       4729      6057
       4739      5890
       4741      7968
       4741      6675
       4742      6293
       4760      4873
       4765      8069
       4766      8534
       4778      7449
       4778      7756
       4792      7725
       4793      8410
       4796      9655
       4808      9520
       4810      9675
       4810      8927
       4821      5619
       4826      6606
       4828      7993
       4828      4970
       4847      5032
       4854      9348
       4855      7283
       4858      8102
       4880      6565
       4883      9539
       4906      5003
       4906      9067
       4906      8908
       4911      7630
       4914      9683
       4929      8690
       4931      7631
       4933      8474
       4935      6690
       4942      5095
       4974      6509
       4979      9674
       4988      8059
       4989      9582
       4997      8171
       5002      7688
       5011      7042
       5031      5482
       5038      5731
       5040      9439
       5040      7423
       5042      8752
       5043      5406
       5055      6277
       5058      9528
       5065      7265
       5069      7486
       5070      9666
       5076      8075
       5088      5432
       5108      9880
       5111      7493
       5134      8535
       5138      9047
       5144      6772
       5159      7004
       5165      8963
       5165      7142
       5197      7634
       5201      7091
       5219      9116
       5222      9772
       5228      6787
       5232      6486
       5233      6464
       5233      9916
       5242      9065
       5247      5995
       5253      6752
       5259      9786
       5271      6912
       5287      8547
       5290      7143
       5292      9301
       5312      6455
       5312      5567
       5326      7848
       5356      6321
       5362      6709
       5362      7040
       5366      5381
       5378      8449
       5379      6207
       5405      8175
       5432      8300
       5463      6176
       5465      6633
       5470      9983
       5479      9806
       5486      8127
       5495      6498
       5499      8891
       5513      5774
       5532      5972
       5538      9916
       5539      6065
       5551      7510
       5567      5571
       5568      5649
       5568      8125
       5571      5651
       5572      6573
       5584      9622
       5588      6765
       5590      7329
       5596      6941
       5600      5634
       5603      7417
       5605      7739
       5624      9809
       5626      5768
       5630      9244
       5631      9976
       5646      7020
       5650      8802
       5656      7674
       5670      8466
       5671      8225
       5684      9623
       5685      7475
       5686      7178
       5692      7968
       5700      9302
       5704      9122
       5705      9105
       5713      9473
       5740      7113
       5740      6534
       5750      7497
       5755      9963
       5756      9709
       5758      7223
       5768      6114
       5797      9872
       5803      9802
       5824      7094
       5829      7741
       5831      7623
       5832      6638
       5839      5987
       5841      8755
       5842      9992
       5842      7053
       5871      9268
       5871      7362
       5873      7409
       5879      6923
       5886      8229
       5887      8066
       5892      6488
       5893      6706
       5897      6709
       5897      7040
       5921      9289
       5923      6469
       5924      9827
       5928      7946
       5934      9956
       5940      9165
       5942      9900
       5959      6150
       5960      9038
       5971      8559
       5980      7061
       5980      8017
       5987      9279
       6018      7392
       6021      8111
       6024      6600
       6029      9914
       6033      6703
       6035      9793
       6036      6542
       6036      9582
       6058      6085
       6066      7782
       6068      6099
       6076      6496
       6080      7983
       6080      9132
       6084      9840
       6092      8867
       6101      9694
       6129      8775
       6137      7746
       6143      9707
       6169      6632
       6169      8350
       6187      8763
       6197      7031
       6204      8482
       6239      9916
       6242      7335
       6245      7579
       6249      6675
       6276      9535
       6280      9193
       6280      7881
       6280      6934
       6306      8418
       6325      6488
       6328      7686
       6330      9423
       6332      7858
       6341      7592
       6360      8454
       6380      9561
       6386      7965
       6391      6875
       6402      8082
       6408      9820
       6412      9059
       6416      8218
       6419      7579
       6464      8274
       6464      9677
       6468      7992
       6473      8577
       6481      6520
       6487      7020
       6499      9599
       6506      7530
       6521      8001
       6533      9770
       6535      8949
       6550      9578
       6562      9563
       6570      9573
       6592      8962
       6602      9853
       6618      6794
       6621      7051
       6624      9389
       6635      8219
       6658      9547
       6661      7410
       6675      9874
       6692      9673
       6693      8727
       6702      7670
       6711      7077
       6714      8306
       6753      7509
       6756      7162
       6760      9208
       6774      7311
       6777      9148
       6786      9158
       6794      6980
       6798      8378
       6800      9701
       6807      9375
       6812      6916
       6817      6920
       6819      8122
       6822      7896
       6823      7802
       6836      9669
       6863      7335
       6869      7864
       6881      9883
       6885      7460
       6891      6896
       6927      9995
       6930      7540
       6932      9595
       6946      7005
       6948      8581
       6950      8861
       6970      9445
       6973      8286
       6988      9505
       7001      8452
       7016      7169
       7035      7703
       7038      9394
       7047      7173
       7076      9948
       7093      8696
       7093      9585
       7095      9162
       7097      9649
       7097      8526
       7097      7620
       7113      8260
       7116      7140
       7119      9011
       7121      9679
       7129      8979
       7135      9508
       7139      8373
       7148      7191
       7178      9939
       7189      8968
       7197      8943
       7235      9409
       7235      9548
       7259      7881
       7266      7419
       7273      7856
       7299      7409
       7315      9524
       7323      9686
       7347      9490
       7361      9676
       7362      7639
       7363      8536
       7372      9260
       7411      8767
       7427      8377
       7438      9722
       7438      9337
       7438      7993
       7440      7994
       7469      9032
       7489      9805
       7496      8940
       7497      7827
       7524      7573
       7555      8131
       7556      7742
       7560      7723
       7568      7974
       7591      7877
       7608      8125
       7612      7783
       7629      8083
       7659      9311
       7660      7815
       7684      7950
       7715      9939
       7715      8253
       7727      9490
       7756      9988
       7761      9927
       7775      7851
       7792      7881
       7836      8033
       7839      7916
       7843      9765
       7854      9768
       7887      8506
       7891      8753
       7898      9467
       7903      7912
       7910      9177
       7965      9074
       7969      8235
       7983      8685
       8018      8454
       8020      9289
       8035      9750
       8102      8223
       8116      9449
       8150      8265
       8153      9105
       8209      9623
       8221      9506
       8226      8959
       8227      8853
       8241      8595
       8269      8923
       8271      8299
       8273      9182
       8351      9686
       8378      9431
       8401      8508
       8409      9094
       8459      9261
       8466      8543
       8497      9483
       8535      9248
       8613      9609
       8620      9789
       8685      9132
       8694      9883
       8718      8897
       8720      8890
       8757      9657
       8768      9317
       8792      9757
       8858      9759
       8947      9333
       8954      9534
       9035      9824
       9048      9706
       9092      9255
       9161      9791
       9169      9676
       9195      9359
       9222      9616
       9244      9750
       9545      9707
       9596      9886
       9698      9942
       9706      9966
