100  109
       0      1
       0      7
       1      2
       2      3
       3      4
       4      5
       4      14
       5      6
       6      7
       8      9
       8      15
       9      10
       9      24
       10      11
       11      12
       12      13
       13      14
       14      15
       16      17
       16      27
       17      18
       18      19
       19      20
       19      28
       20      21
       21      22
       22      23
       23      24
       24      25
       25      26
       26      27
       28      29
       28      38
       29      30
       30      31
       31      32
       32      33
       33      34
       33      41
       34      35
       35      36
       36      37
       37      38
       39      40
       39      46
       40      41
       41      42
       42      43
       42      54
       43      44
       44      45
       45      46
       47      48
       47      57
       48      49
       49      50
       50      51
       51      52
       52      53
       53      54
       54      55
       55      56
       55      60
       56      57
       58      59
       58      69
       59      60
       60      61
       61      62
       62      63
       63      64
       64      65
       65      66
       66      67
       67      68
       68      69
       69      73
       70      71
       70      81
       71      72
       72      73
       73      74
       74      75
       75      76
       76      77
       77      78
       77      85
       78      79
       79      80
       80      81
       82      83
       82      91
       83      84
       84      85
       85      86
       86      87
       87      88
       88      89
       89      90
       89      96
       90      91
       92      93
       92      99
       93      94
       94      95
       95      96
       96      97
       97      98
       98      99
