1000  1298
       0      764
       0      108
       0      8
       1      618
       1      59
       1      804
       1      738
       1      793
       2      135
       2      111
       3      593
       4      627
       5      551
       5      259
       5      107
       5      24
       6      357
       6      363
       7      22
       7      227
       7      935
       7      917
       7      687
       8      461
       9      278
       9      778
       9      817
       9      282
       10      603
       10      288
       11      698
       11      535
       12      181
       12      56
       12      588
       13      796
       13      583
       15      93
       16      583
       16      987
       17      769
       18      639
       18      564
       18      677
       19      768
       19      307
       19      136
       20      733
       20      176
       21      224
       21      782
       21      892
       21      81
       21      891
       22      151
       23      437
       23      158
       24      341
       25      178
       25      59
       25      638
       25      878
       26      121
       27      591
       27      75
       27      996
       28      633
       28      705
       28      715
       28      996
       28      270
       28      675
       29      77
       29      658
       29      601
       29      439
       30      638
       30      979
       30      949
       31      257
       32      429
       32      809
       32      438
       33      954
       35      640
       35      582
       35      706
       37      655
       37      825
       38      104
       38      947
       38      334
       38      65
       40      974
       40      104
       40      802
       40      628
       40      941
       43      857
       43      71
       43      937
       43      446
       43      189
       43      104
       43      88
       44      413
       44      926
       44      981
       45      155
       46      234
       46      468
       46      237
       46      620
       47      982
       47      156
       48      883
       48      546
       49      152
       49      940
       50      732
       51      117
       51      811
       51      757
       52      772
       52      243
       53      879
       53      614
       54      519
       54      749
       54      656
       54      483
       54      140
       54      855
       55      156
       55      265
       55      344
       56      695
       56      387
       56      283
       57      153
       58      805
       58      411
       58      356
       59      400
       59      425
       59      930
       59      275
       60      497
       60      387
       60      341
       60      308
       61      662
       61      733
       62      669
       62      885
       62      169
       63      740
       63      141
       65      181
       65      524
       65      534
       65      796
       65      770
       65      200
       66      526
       66      878
       67      285
       67      187
       68      365
       68      851
       68      996
       68      367
       69      633
       69      254
       69      456
       69      692
       70      592
       70      594
       71      475
       71      547
       71      322
       71      945
       72      924
       73      858
       73      118
       73      368
       73      677
       74      468
       74      306
       74      920
       74      341
       74      613
       75      278
       75      778
       75      629
       75      539
       75      335
       76      729
       76      90
       77      354
       80      378
       80      439
       81      186
       81      916
       81      284
       81      325
       81      372
       81      366
       82      638
       82      307
       82      111
       84      939
       85      742
       85      406
       85      913
       85      826
       85      421
       85      889
       86      622
       86      953
       87      909
       89      625
       89      466
       89      523
       89      293
       89      431
       90      863
       90      393
       91      673
       91      217
       91      184
       91      155
       92      347
       92      179
       93      537
       93      436
       93      208
       94      197
       94      836
       94      210
       94      128
       95      113
       95      485
       95      786
       96      291
       96      321
       97      175
       98      975
       98      456
       98      384
       99      531
       99      746
       99      578
       100      880
       101      415
       101      988
       102      485
       103      174
       103      838
       104      747
       104      776
       104      873
       104      619
       104      780
       105      948
       105      841
       105      458
       105      815
       106      728
       106      384
       106      412
       106      726
       106      545
       107      535
       107      925
       107      534
       108      165
       108      513
       108      400
       108      121
       109      996
       109      243
       109      614
       110      721
       111      795
       112      579
       113      485
       113      318
       113      589
       113      313
       113      514
       114      948
       114      955
       115      794
       115      137
       115      519
       116      456
       117      636
       117      160
       117      741
       117      252
       118      278
       119      429
       120      180
       120      784
       121      390
       121      949
       121      621
       121      195
       121      167
       122      395
       123      761
       123      429
       124      257
       124      580
       125      908
       125      366
       125      536
       126      905
       127      906
       127      584
       128      808
       129      714
       129      366
       131      657
       131      640
       132      922
       132      157
       133      490
       134      192
       134      947
       135      467
       136      571
       136      583
       138      418
       138      144
       139      832
       139      401
       140      980
       140      522
       140      255
       141      438
       141      429
       141      167
       142      351
       142      636
       143      975
       143      461
       143      529
       145      450
       145      970
       145      517
       146      760
       147      696
       148      927
       148      844
       148      328
       149      400
       149      830
       149      157
       150      348
       150      854
       150      469
       151      630
       152      529
       152      762
       153      802
       154      556
       155      716
       155      199
       155      518
       156      983
       156      355
       158      354
       158      232
       158      453
       160      795
       161      709
       161      901
       161      176
       161      950
       162      751
       162      403
       162      309
       162      408
       163      898
       163      615
       163      863
       164      370
       164      313
       166      334
       166      749
       166      322
       166      594
       166      892
       166      377
       166      542
       167      889
       168      209
       168      646
       169      649
       169      905
       170      847
       171      796
       172      710
       172      993
       173      509
       173      964
       174      325
       175      606
       176      693
       176      722
       176      437
       176      391
       176      260
       176      633
       176      501
       176      184
       177      356
       177      856
       177      369
       177      196
       178      684
       178      954
       178      692
       180      472
       181      462
       181      518
       181      870
       183      483
       183      319
       185      897
       185      820
       186      688
       186      297
       186      848
       187      415
       187      634
       188      343
       189      240
       189      564
       189      659
       191      195
       191      816
       192      676
       192      271
       193      775
       193      717
       194      645
       195      659
       195      808
       195      759
       195      212
       195      471
       195      761
       196      332
       197      470
       197      508
       198      865
       198      655
       198      349
       198      384
       198      742
       200      302
       202      844
       202      522
       202      737
       202      854
       202      896
       203      949
       203      521
       205      542
       206      797
       206      726
       207      639
       207      351
       208      612
       209      857
       209      288
       209      244
       210      905
       211      450
       211      250
       211      398
       211      901
       212      362
       212      273
       212      476
       212      669
       213      778
       213      905
       214      569
       214      258
       214      335
       214      315
       215      488
       215      913
       215      320
       217      922
       218      327
       218      596
       218      282
       218      415
       218      834
       218      636
       218      500
       219      950
       219      859
       219      449
       219      736
       219      522
       220      615
       220      867
       220      496
       220      523
       220      406
       221      722
       221      634
       221      717
       222      618
       222      308
       222      459
       222      993
       222      864
       223      777
       223      686
       223      683
       223      869
       224      719
       225      444
       226      799
       226      864
       226      506
       228      248
       229      858
       229      910
       230      729
       230      827
       230      684
       230      531
       232      830
       232      397
       234      306
       236      902
       236      875
       237      348
       238      272
       238      996
       239      308
       241      807
       241      570
       241      364
       241      679
       242      928
       243      769
       243      967
       244      286
       244      851
       246      377
       246      386
       247      747
       247      843
       248      610
       249      899
       249      354
       250      828
       250      615
       250      658
       250      629
       252      455
       252      767
       252      267
       254      377
       254      627
       254      404
       254      679
       255      376
       256      433
       256      354
       257      726
       257      349
       258      590
       259      818
       259      340
       260      832
       261      342
       261      659
       262      873
       262      789
       264      449
       265      983
       265      825
       265      849
       265      377
       265      788
       267      363
       267      919
       267      296
       268      570
       268      867
       269      866
       271      559
       271      816
       272      702
       272      767
       272      412
       273      361
       274      888
       274      953
       274      479
       274      612
       275      545
       276      328
       276      588
       276      536
       277      704
       277      318
       279      408
       279      836
       280      636
       280      604
       280      617
       281      771
       281      454
       282      479
       282      591
       283      699
       283      847
       284      432
       284      304
       285      528
       285      388
       286      884
       286      512
       287      649
       287      343
       287      726
       288      428
       289      375
       289      365
       289      578
       290      543
       291      989
       293      831
       293      932
       293      665
       293      531
       294      348
       294      632
       294      846
       295      540
       295      546
       296      971
       297      972
       297      935
       297      732
       298      750
       298      673
       300      520
       300      969
       300      492
       301      563
       301      660
       302      557
       304      791
       304      519
       304      453
       304      388
       305      310
       307      935
       307      334
       307      809
       308      497
       311      412
       312      855
       312      678
       313      859
       314      364
       317      913
       318      531
       318      794
       319      651
       320      589
       320      472
       320      922
       321      853
       321      540
       322      460
       322      745
       323      603
       324      525
       324      901
       324      405
       325      845
       325      651
       326      514
       327      389
       327      807
       327      396
       328      452
       328      476
       328      627
       329      506
       330      967
       330      665
       330      955
       331      822
       331      358
       331      373
       331      639
       332      867
       332      835
       332      759
       333      652
       334      590
       336      533
       337      589
       338      628
       338      949
       338      526
       339      883
       339      945
       339      842
       340      572
       340      696
       341      600
       342      983
       343      775
       344      837
       345      560
       346      755
       346      492
       346      793
       346      693
       347      436
       347      804
       349      568
       350      820
       350      893
       350      845
       351      614
       352      446
       353      645
       354      391
       355      526
       355      954
       356      888
       356      609
       357      509
       358      707
       358      843
       360      501
       361      693
       362      866
       362      967
       364      399
       365      765
       365      709
       365      381
       366      848
       366      481
       367      670
       367      460
       367      814
       367      513
       370      410
       371      461
       371      789
       373      977
       373      468
       374      471
       374      657
       374      830
       374      841
       375      672
       375      988
       375      719
       377      955
       377      854
       378      627
       378      741
       378      456
       378      784
       379      887
       381      517
       382      950
       382      889
       382      496
       382      449
       382      650
       383      479
       384      532
       384      645
       386      949
       386      582
       386      600
       386      596
       389      596
       389      750
       389      789
       389      811
       389      816
       390      829
       390      608
       392      950
       392      942
       393      797
       395      400
       397      692
       398      400
       399      636
       400      563
       400      983
       401      852
       402      552
       402      463
       404      860
       407      452
       407      924
       408      866
       408      771
       409      796
       409      465
       411      805
       411      527
       411      570
       412      742
       412      618
       413      767
       415      842
       416      427
       417      767
       418      448
       418      459
       418      603
       418      974
       420      661
       421      557
       424      645
       424      773
       424      727
       425      843
       426      739
       427      854
       432      655
       432      759
       433      920
       433      487
       434      904
       434      683
       436      532
       436      594
       438      946
       439      726
       439      769
       439      494
       439      501
       440      794
       440      750
       440      729
       441      682
       442      510
       442      721
       443      606
       444      765
       444      739
       444      792
       444      584
       445      828
       447      959
       447      477
       447      765
       448      890
       449      580
       450      630
       450      914
       450      994
       450      488
       450      668
       451      909
       453      814
       453      788
       453      992
       453      600
       454      776
       455      824
       456      772
       460      881
       460      613
       460      904
       460      597
       460      602
       460      539
       461      927
       461      519
       461      533
       462      739
       463      670
       464      530
       465      470
       466      659
       466      808
       466      522
       466      629
       468      845
       470      554
       470      601
       470      726
       471      842
       472      613
       472      489
       474      829
       474      995
       474      975
       475      857
       476      750
       476      503
       479      682
       479      674
       480      510
       482      678
       483      791
       484      846
       484      749
       486      668
       488      603
       488      653
       490      567
       490      740
       491      930
       491      883
       491      560
       492      534
       493      899
       493      957
       493      730
       494      536
       494      636
       494      669
       495      952
       496      794
       496      945
       497      598
       497      616
       498      710
       498      738
       499      692
       500      729
       500      712
       502      571
       502      903
       502      717
       502      610
       503      597
       503      612
       503      583
       503      813
       504      808
       504      946
       506      781
       509      831
       509      569
       510      526
       511      684
       511      512
       514      522
       514      745
       515      710
       516      602
       516      668
       516      717
       516      931
       518      929
       519      536
       519      603
       521      835
       521      758
       522      771
       522      633
       524      852
       527      625
       528      917
       529      785
       529      949
       530      849
       533      827
       534      546
       534      576
       534      728
       536      657
       537      546
       540      950
       541      890
       541      631
       541      817
       542      766
       542      704
       542      648
       543      947
       543      759
       544      817
       545      615
       545      570
       547      740
       549      663
       550      676
       550      587
       553      700
       553      765
       553      875
       555      599
       555      701
       555      647
       556      674
       557      604
       558      980
       559      912
       559      708
       560      659
       560      808
       560      985
       560      762
       560      604
       562      654
       562      608
       564      751
       564      985
       565      727
       565      690
       567      568
       568      863
       569      801
       570      639
       571      948
       571      998
       574      824
       576      867
       579      987
       579      609
       580      669
       580      975
       581      639
       582      812
       583      608
       584      991
       584      782
       589      715
       590      703
       591      785
       592      908
       592      870
       593      742
       593      618
       593      833
       594      915
       595      729
       596      842
       596      723
       596      804
       598      725
       599      629
       600      818
       601      914
       603      913
       603      859
       603      862
       606      775
       607      779
       608      919
       610      731
       610      734
       610      996
       610      809
       611      771
       612      743
       613      920
       616      627
       616      711
       616      782
       617      779
       617      927
       617      898
       617      811
       618      681
       618      666
       619      667
       619      921
       620      974
       621      800
       623      748
       625      998
       627      633
       627      818
       630      979
       631      892
       631      633
       633      938
       633      824
       634      693
       634      883
       634      801
       638      812
       638      702
       640      950
       642      788
       642      901
       642      840
       643      774
       645      824
       647      840
       648      964
       649      658
       649      707
       650      867
       650      709
       650      700
       650      664
       650      956
       651      944
       651      942
       653      844
       653      747
       655      776
       657      843
       658      707
       658      921
       658      971
       659      983
       661      813
       661      693
       663      986
       666      749
       666      777
       666      792
       667      879
       667      670
       667      909
       668      968
       669      948
       669      830
       669      831
       670      690
       670      981
       672      841
       672      763
       674      861
       675      887
       680      838
       681      800
       682      912
       682      973
       682      950
       683      930
       685      751
       685      986
       685      691
       686      909
       686      788
       686      698
       687      872
       688      923
       689      978
       690      966
       690      700
       691      804
       691      827
       691      793
       694      777
       694      725
       694      982
       694      745
       694      958
       695      739
       695      818
       696      794
       696      765
       698      889
       701      705
       701      807
       703      917
       704      965
       706      739
       706      912
       707      997
       709      876
       709      921
       709      755
       710      859
       711      991
       712      787
       712      983
       713      998
       715      935
       715      820
       715      930
       716      987
       720      945
       720      888
       722      956
       722      865
       724      811
       726      985
       726      806
       727      791
       731      741
       736      881
       736      799
       737      991
       738      903
       739      989
       740      960
       740      800
       743      993
       746      961
       747      812
       749      777
       750      943
       753      974
       754      998
       756      996
       756      826
       757      876
       758      776
       761      847
       762      765
       767      928
       768      930
       770      779
       772      963
       773      965
       774      884
       775      849
       775      914
       775      918
       775      786
       779      927
       779      846
       779      932
       780      998
       780      841
       784      820
       784      823
       786      845
       786      977
       788      912
       791      918
       792      985
       792      898
       794      979
       795      960
       796      963
       797      798
       797      947
       797      933
       799      802
       803      974
       806      978
       810      819
       812      979
       819      942
       824      973
       824      866
       826      947
       834      945
       836      842
       839      973
       840      846
       842      847
       847      890
       849      914
       849      898
       850      983
       851      954
       856      953
       856      864
       860      905
       862      897
       868      926
       870      878
       873      894
       877      991
       883      921
       885      948
       887      901
       898      980
       904      986
       910      954
       913      920
       918      930
       931      977
       932      983
       932      943
       937      960
       941      973
       945      998
       946      965
       959      989
       963      987
