Componentes biconexos:
[120, 119]
[121, 120]
[122, 121]
[123, 122]
[114, 123]
[115, 114]
[116, 115]
[117, 116]
[118, 117]
[119, 118]

[223, 222]
[224, 223]
[213, 224]
[214, 213]
[215, 214]
[216, 215]
[217, 216]
[218, 217]
[219, 218]
[220, 219]
[221, 220]
[222, 221]

[258, 257]
[259, 258]
[260, 259]
[252, 260]
[253, 252]
[254, 253]
[255, 254]
[256, 255]
[257, 256]

[357, 356]
[358, 357]
[359, 358]
[360, 359]
[351, 360]
[352, 351]
[353, 352]
[354, 353]
[355, 354]
[356, 355]

[378, 379]
[377, 378]
[376, 377]
[375, 376]
[374, 375]
[373, 374]
[372, 373]
[371, 372]
[379, 371]

[408, 407]
[400, 408]
[401, 400]
[402, 401]
[403, 402]
[404, 403]
[405, 404]
[406, 405]
[407, 406]

[508, 500]
[507, 508]
[506, 507]
[505, 506]
[504, 505]
[503, 504]
[502, 503]
[501, 502]
[500, 501]

[518, 509]
[517, 518]
[516, 517]
[515, 516]
[514, 515]
[513, 514]
[512, 513]
[511, 512]
[510, 511]
[509, 510]

[554, 553]
[555, 554]
[556, 555]
[557, 556]
[549, 557]
[550, 549]
[551, 550]
[552, 551]
[553, 552]

[673, 672]
[665, 673]
[666, 665]
[667, 666]
[668, 667]
[669, 668]
[670, 669]
[671, 670]
[672, 671]

[862, 861]
[863, 862]
[864, 863]
[865, 864]
[858, 865]
[859, 858]
[860, 859]
[861, 860]

[989, 988]
[981, 989]
[982, 981]
[983, 982]
[984, 983]
[985, 984]
[986, 985]
[987, 986]
[988, 987]

[980, 979]
[973, 980]
[974, 973]
[975, 974]
[976, 975]
[977, 976]
[978, 977]
[979, 978]

[968, 967]
[969, 968]
[970, 969]
[971, 970]
[972, 971]
[964, 972]
[965, 964]
[966, 965]
[967, 966]

[963, 962]
[955, 963]
[956, 955]
[957, 956]
[958, 957]
[959, 958]
[960, 959]
[961, 960]
[962, 961]

[945, 944]
[946, 945]
[947, 946]
[948, 947]
[949, 948]
[950, 949]
[951, 950]
[952, 951]
[953, 952]
[954, 953]
[943, 954]
[944, 943]

[939, 938]
[940, 939]
[941, 940]
[942, 941]
[931, 942]
[932, 931]
[933, 932]
[934, 933]
[935, 934]
[936, 935]
[937, 936]
[938, 937]

[930, 929]
[920, 930]
[921, 920]
[922, 921]
[923, 922]
[924, 923]
[925, 924]
[926, 925]
[927, 926]
[928, 927]
[929, 928]

[916, 915]
[917, 916]
[918, 917]
[919, 918]
[909, 919]
[910, 909]
[911, 910]
[912, 911]
[913, 912]
[914, 913]
[915, 914]

[900, 899]
[901, 900]
[902, 901]
[903, 902]
[904, 903]
[905, 904]
[906, 905]
[907, 906]
[908, 907]
[898, 908]
[899, 898]

[888, 887]
[889, 888]
[890, 889]
[891, 890]
[892, 891]
[893, 892]
[894, 893]
[895, 894]
[896, 895]
[897, 896]
[886, 897]
[887, 886]

[880, 879]
[881, 880]
[882, 881]
[883, 882]
[884, 883]
[885, 884]
[877, 885]
[878, 877]
[879, 878]

[874, 873]
[875, 874]
[876, 875]
[866, 876]
[867, 866]
[868, 867]
[869, 868]
[870, 869]
[871, 870]
[872, 871]
[873, 872]

[855, 854]
[856, 855]
[857, 856]
[849, 857]
[850, 849]
[851, 850]
[852, 851]
[853, 852]
[854, 853]

[842, 841]
[843, 842]
[844, 843]
[845, 844]
[846, 845]
[847, 846]
[848, 847]
[838, 848]
[839, 838]
[840, 839]
[841, 840]

[835, 834]
[836, 835]
[837, 836]
[829, 837]
[830, 829]
[831, 830]
[832, 831]
[833, 832]
[834, 833]

[828, 820]
[827, 828]
[826, 827]
[825, 826]
[824, 825]
[823, 824]
[822, 823]
[821, 822]
[820, 821]

[814, 813]
[815, 814]
[816, 815]
[817, 816]
[818, 817]
[819, 818]
[810, 819]
[811, 810]
[812, 811]
[813, 812]

[808, 807]
[809, 808]
[800, 809]
[801, 800]
[802, 801]
[803, 802]
[804, 803]
[805, 804]
[806, 805]
[807, 806]

[796, 795]
[797, 796]
[798, 797]
[799, 798]
[790, 799]
[791, 790]
[792, 791]
[793, 792]
[794, 793]
[795, 794]

[788, 787]
[789, 788]
[782, 789]
[783, 782]
[784, 783]
[785, 784]
[786, 785]
[787, 786]

[776, 775]
[777, 776]
[778, 777]
[779, 778]
[780, 779]
[781, 780]
[772, 781]
[773, 772]
[774, 773]
[775, 774]

[766, 765]
[767, 766]
[768, 767]
[769, 768]
[770, 769]
[771, 770]
[760, 771]
[761, 760]
[762, 761]
[763, 762]
[764, 763]
[765, 764]

[759, 758]
[748, 759]
[749, 748]
[750, 749]
[751, 750]
[752, 751]
[753, 752]
[754, 753]
[755, 754]
[756, 755]
[757, 756]
[758, 757]

[747, 746]
[737, 747]
[738, 737]
[739, 738]
[740, 739]
[741, 740]
[742, 741]
[743, 742]
[744, 743]
[745, 744]
[746, 745]

[736, 735]
[727, 736]
[728, 727]
[729, 728]
[730, 729]
[731, 730]
[732, 731]
[733, 732]
[734, 733]
[735, 734]

[725, 724]
[726, 725]
[716, 726]
[717, 716]
[718, 717]
[719, 718]
[720, 719]
[721, 720]
[722, 721]
[723, 722]
[724, 723]

[714, 715]
[713, 714]
[712, 713]
[711, 712]
[710, 711]
[709, 710]
[708, 709]
[707, 708]
[706, 707]
[715, 706]

[702, 701]
[703, 702]
[704, 703]
[705, 704]
[696, 705]
[697, 696]
[698, 697]
[699, 698]
[700, 699]
[701, 700]

[694, 693]
[695, 694]
[685, 695]
[686, 685]
[687, 686]
[688, 687]
[689, 688]
[690, 689]
[691, 690]
[692, 691]
[693, 692]

[683, 682]
[684, 683]
[674, 684]
[675, 674]
[676, 675]
[677, 676]
[678, 677]
[679, 678]
[680, 679]
[681, 680]
[682, 681]

[662, 661]
[663, 662]
[664, 663]
[657, 664]
[658, 657]
[659, 658]
[660, 659]
[661, 660]

[654, 653]
[655, 654]
[656, 655]
[649, 656]
[650, 649]
[651, 650]
[652, 651]
[653, 652]

[647, 646]
[648, 647]
[641, 648]
[642, 641]
[643, 642]
[644, 643]
[645, 644]
[646, 645]

[640, 632]
[639, 640]
[638, 639]
[637, 638]
[636, 637]
[635, 636]
[634, 635]
[633, 634]
[632, 633]

[625, 624]
[626, 625]
[627, 626]
[628, 627]
[629, 628]
[630, 629]
[631, 630]
[622, 631]
[623, 622]
[624, 623]

[617, 616]
[618, 617]
[619, 618]
[620, 619]
[621, 620]
[614, 621]
[615, 614]
[616, 615]

[613, 612]
[605, 613]
[606, 605]
[607, 606]
[608, 607]
[609, 608]
[610, 609]
[611, 610]
[612, 611]

[600, 599]
[601, 600]
[602, 601]
[603, 602]
[604, 603]
[595, 604]
[596, 595]
[597, 596]
[598, 597]
[599, 598]

[594, 587]
[593, 594]
[592, 593]
[591, 592]
[590, 591]
[589, 590]
[588, 589]
[587, 588]

[583, 582]
[584, 583]
[585, 584]
[586, 585]
[576, 586]
[577, 576]
[578, 577]
[579, 578]
[580, 579]
[581, 580]
[582, 581]

[571, 570]
[572, 571]
[573, 572]
[574, 573]
[575, 574]
[568, 575]
[569, 568]
[570, 569]

[561, 560]
[562, 561]
[563, 562]
[564, 563]
[565, 564]
[566, 565]
[567, 566]
[558, 567]
[559, 558]
[560, 559]

[547, 548]
[546, 547]
[545, 546]
[544, 545]
[543, 544]
[542, 543]
[541, 542]
[540, 541]
[539, 540]
[548, 539]

[538, 537]
[531, 538]
[532, 531]
[533, 532]
[534, 533]
[535, 534]
[536, 535]
[537, 536]

[529, 528]
[530, 529]
[519, 530]
[520, 519]
[521, 520]
[522, 521]
[523, 522]
[524, 523]
[525, 524]
[526, 525]
[527, 526]
[528, 527]

[496, 495]
[497, 496]
[498, 497]
[499, 498]
[492, 499]
[493, 492]
[494, 493]
[495, 494]

[488, 487]
[489, 488]
[490, 489]
[491, 490]
[481, 491]
[482, 481]
[483, 482]
[484, 483]
[485, 484]
[486, 485]
[487, 486]

[475, 474]
[476, 475]
[477, 476]
[478, 477]
[479, 478]
[480, 479]
[471, 480]
[472, 471]
[473, 472]
[474, 473]

[469, 468]
[470, 469]
[461, 470]
[462, 461]
[463, 462]
[464, 463]
[465, 464]
[466, 465]
[467, 466]
[468, 467]

[456, 455]
[457, 456]
[458, 457]
[459, 458]
[460, 459]
[453, 460]
[454, 453]
[455, 454]

[448, 447]
[449, 448]
[450, 449]
[451, 450]
[452, 451]
[445, 452]
[446, 445]
[447, 446]

[436, 435]
[437, 436]
[438, 437]
[439, 438]
[440, 439]
[441, 440]
[442, 441]
[443, 442]
[444, 443]
[433, 444]
[434, 433]
[435, 434]

[431, 430]
[432, 431]
[421, 432]
[422, 421]
[423, 422]
[424, 423]
[425, 424]
[426, 425]
[427, 426]
[428, 427]
[429, 428]
[430, 429]

[417, 416]
[418, 417]
[419, 418]
[420, 419]
[409, 420]
[410, 409]
[411, 410]
[412, 411]
[413, 412]
[414, 413]
[415, 414]
[416, 415]

[397, 396]
[398, 397]
[399, 398]
[389, 399]
[390, 389]
[391, 390]
[392, 391]
[393, 392]
[394, 393]
[395, 394]
[396, 395]

[388, 380]
[387, 388]
[386, 387]
[385, 386]
[384, 385]
[383, 384]
[382, 383]
[381, 382]
[380, 381]

[370, 361]
[369, 370]
[368, 369]
[367, 368]
[366, 367]
[365, 366]
[364, 365]
[363, 364]
[362, 363]
[361, 362]

[350, 349]
[342, 350]
[343, 342]
[344, 343]
[345, 344]
[346, 345]
[347, 346]
[348, 347]
[349, 348]

[341, 330]
[340, 341]
[339, 340]
[338, 339]
[337, 338]
[336, 337]
[335, 336]
[334, 335]
[333, 334]
[332, 333]
[331, 332]
[330, 331]

[325, 324]
[326, 325]
[327, 326]
[328, 327]
[329, 328]
[322, 329]
[323, 322]
[324, 323]

[313, 312]
[314, 313]
[315, 314]
[316, 315]
[317, 316]
[318, 317]
[319, 318]
[320, 319]
[321, 320]
[311, 321]
[312, 311]

[304, 303]
[305, 304]
[306, 305]
[307, 306]
[308, 307]
[309, 308]
[310, 309]
[302, 310]
[303, 302]

[301, 292]
[300, 301]
[299, 300]
[298, 299]
[297, 298]
[296, 297]
[295, 296]
[294, 295]
[293, 294]
[292, 293]

[291, 280]
[290, 291]
[289, 290]
[288, 289]
[287, 288]
[286, 287]
[285, 286]
[284, 285]
[283, 284]
[282, 283]
[281, 282]
[280, 281]

[279, 278]
[271, 279]
[272, 271]
[273, 272]
[274, 273]
[275, 274]
[276, 275]
[277, 276]
[278, 277]

[268, 267]
[269, 268]
[270, 269]
[261, 270]
[262, 261]
[263, 262]
[264, 263]
[265, 264]
[266, 265]
[267, 266]

[248, 247]
[249, 248]
[250, 249]
[251, 250]
[244, 251]
[245, 244]
[246, 245]
[247, 246]

[243, 242]
[235, 243]
[236, 235]
[237, 236]
[238, 237]
[239, 238]
[240, 239]
[241, 240]
[242, 241]

[229, 228]
[230, 229]
[231, 230]
[232, 231]
[233, 232]
[234, 233]
[225, 234]
[226, 225]
[227, 226]
[228, 227]

[211, 210]
[212, 211]
[205, 212]
[206, 205]
[207, 206]
[208, 207]
[209, 208]
[210, 209]

[204, 203]
[197, 204]
[198, 197]
[199, 198]
[200, 199]
[201, 200]
[202, 201]
[203, 202]

[193, 192]
[194, 193]
[195, 194]
[196, 195]
[185, 196]
[186, 185]
[187, 186]
[188, 187]
[189, 188]
[190, 189]
[191, 190]
[192, 191]

[183, 182]
[184, 183]
[175, 184]
[176, 175]
[177, 176]
[178, 177]
[179, 178]
[180, 179]
[181, 180]
[182, 181]

[169, 168]
[170, 169]
[171, 170]
[172, 171]
[173, 172]
[174, 173]
[165, 174]
[166, 165]
[167, 166]
[168, 167]

[159, 158]
[160, 159]
[161, 160]
[162, 161]
[163, 162]
[164, 163]
[154, 164]
[155, 154]
[156, 155]
[157, 156]
[158, 157]

[152, 153]
[151, 152]
[150, 151]
[149, 150]
[148, 149]
[147, 148]
[146, 147]
[145, 146]
[144, 145]
[143, 144]
[153, 143]

[138, 137]
[139, 138]
[140, 139]
[141, 140]
[142, 141]
[135, 142]
[136, 135]
[137, 136]

[126, 125]
[127, 126]
[128, 127]
[129, 128]
[130, 129]
[131, 130]
[132, 131]
[133, 132]
[134, 133]
[124, 134]
[125, 124]

[108, 107]
[109, 108]
[110, 109]
[111, 110]
[112, 111]
[113, 112]
[103, 113]
[104, 103]
[105, 104]
[106, 105]
[107, 106]

[100, 99]
[101, 100]
[102, 101]
[95, 102]
[96, 95]
[97, 96]
[98, 97]
[99, 98]

[94, 93]
[83, 94]
[84, 83]
[85, 84]
[86, 85]
[87, 86]
[88, 87]
[89, 88]
[90, 89]
[91, 90]
[92, 91]
[93, 92]

[74, 73]
[75, 74]
[76, 75]
[77, 76]
[78, 77]
[79, 78]
[80, 79]
[81, 80]
[82, 81]
[72, 82]
[73, 72]

[69, 68]
[70, 69]
[71, 70]
[61, 71]
[62, 61]
[63, 62]
[64, 63]
[65, 64]
[66, 65]
[67, 66]
[68, 67]

[59, 60]
[58, 59]
[57, 58]
[56, 57]
[55, 56]
[54, 55]
[53, 54]
[60, 53]

[50, 49]
[51, 50]
[52, 51]
[42, 52]
[43, 42]
[44, 43]
[45, 44]
[46, 45]
[47, 46]
[48, 47]
[49, 48]

[41, 40]
[32, 41]
[33, 32]
[34, 33]
[35, 34]
[36, 35]
[37, 36]
[38, 37]
[39, 38]
[40, 39]

[26, 25]
[27, 26]
[28, 27]
[29, 28]
[30, 29]
[31, 30]
[22, 31]
[23, 22]
[24, 23]
[25, 24]

[20, 19]
[21, 20]
[12, 21]
[13, 12]
[14, 13]
[15, 14]
[16, 15]
[17, 16]
[18, 17]
[19, 18]

[11, 0]
[10, 11]
[9, 10]
[8, 9]
[7, 8]
[6, 7]
[5, 6]
[4, 5]
[3, 4]
[2, 3]
[1, 2]
[0, 1]

